# Phase G v5 custom constitutive (use_yield_lagged_alpha=False): v5b_etd2_blend75
# columns: step, t, V_top, snes, sigma_eq_max, u_y_max, eta_lag_min, eta_lag_max, yielded_fraction
   1  0.0500 +0.4985   1 2.655952e-02 1.648363e-05 4.761905e-02 4.761905e-02 0.000000
   2  0.1000 +0.4938   1 6.732378e-02 1.126447e-04 4.761905e-02 4.761905e-02 0.037649
   3  0.1500 +0.4862   3 1.221935e-01 7.748621e-03 4.761905e-02 4.761905e-02 0.056015
   4  0.2000 +0.4755   3 2.134635e-01 2.292100e-02 4.761905e-02 4.761905e-02 0.064279
   5  0.2500 +0.4619   3 3.133248e-01 2.226812e-02 4.761905e-02 4.761905e-02 0.072544
   6  0.3000 +0.4455   2 4.432941e-01 2.789364e-02 4.761905e-02 4.761905e-02 0.074380
   7  0.3500 +0.4263   2 5.637658e-01 2.813561e-02 4.761905e-02 4.761905e-02 0.074380
   8  0.4000 +0.4045   2 6.710278e-01 2.799891e-02 4.761905e-02 4.761905e-02 0.076217
   9  0.4500 +0.3802   2 7.608996e-01 2.655046e-02 4.761905e-02 4.761905e-02 0.079890
  10  0.5000 +0.3536   1 8.308400e-01 2.592835e-02 4.761905e-02 4.761905e-02 0.081726
  11  0.5500 +0.3247   1 8.825938e-01 2.441169e-02 4.761905e-02 4.761905e-02 0.081726
  12  0.6000 +0.2939   1 9.178783e-01 2.247603e-02 4.761905e-02 4.761905e-02 0.081726
  13  0.6500 +0.2612   2 9.384412e-01 2.086163e-02 4.761905e-02 4.761905e-02 0.081726
  14  0.7000 +0.2270   2 9.457787e-01 1.885242e-02 4.761905e-02 4.761905e-02 0.081726
  15  0.7500 +0.1913   2 9.405465e-01 1.646472e-02 4.761905e-02 4.761905e-02 0.081726
  16  0.8000 +0.1545   2 9.236481e-01 1.377052e-02 4.761905e-02 4.761905e-02 0.081726
  17  0.8500 +0.1167   2 8.953906e-01 1.216530e-02 4.761905e-02 4.761905e-02 0.081726
  18  0.9000 +0.0782   2 8.754060e-01 1.116208e-02 4.761905e-02 4.761905e-02 0.081726
  19  0.9500 +0.0392   2 8.525673e-01 9.811610e-03 4.761905e-02 4.761905e-02 0.081726
  20  1.0000 -0.0000   4 8.207138e-01 8.116472e-03 4.761905e-02 4.761905e-02 0.078053
  21  1.0500 -0.0392   3 7.817183e-01 6.882517e-03 4.761905e-02 4.761905e-02 0.074380
  22  1.1000 -0.0782   2 7.358490e-01 4.849477e-03 4.761905e-02 4.761905e-02 0.072544
  23  1.1500 -0.1167   2 6.894192e-01 3.800720e-03 4.761905e-02 4.761905e-02 0.062443
  24  1.2000 -0.1545   2 6.412061e-01 3.045946e-03 4.761905e-02 4.761905e-02 0.018365
  25  1.2500 -0.1913   2 5.917937e-01 3.045440e-03 4.761905e-02 4.761905e-02 0.000000
  26  1.3000 -0.2270   2 5.425848e-01 2.724661e-03 4.761905e-02 4.761905e-02 0.000000
  27  1.3500 -0.2612   1 4.929400e-01 2.582747e-03 4.761905e-02 4.761905e-02 0.000000
  28  1.4000 -0.2939   1 4.424907e-01 2.329565e-03 4.761905e-02 4.761905e-02 0.014692
  29  1.4500 -0.3247   1 3.921216e-01 2.035613e-03 4.761905e-02 4.761905e-02 0.030303
  30  1.5000 -0.3536   2 3.410876e-01 2.917338e-03 4.761905e-02 4.761905e-02 0.046832
  31  1.5500 -0.3802   3 2.820876e-01 1.035202e-02 4.761905e-02 4.761905e-02 0.056015
  32  1.6000 -0.4045   2 2.392764e-01 1.482896e-02 4.761905e-02 4.761905e-02 0.056015
  33  1.6500 -0.4263   2 2.567915e-01 1.865867e-02 4.761905e-02 4.761905e-02 0.063361
  34  1.7000 -0.4455   2 3.092274e-01 2.219245e-02 4.761905e-02 4.761905e-02 0.066116
  35  1.7500 -0.4619   2 3.656349e-01 2.589188e-02 4.761905e-02 4.761905e-02 0.071625
  36  1.8000 -0.4755   2 4.127847e-01 2.914912e-02 4.761905e-02 4.761905e-02 0.074380
  37  1.8500 -0.4862   2 4.921546e-01 3.469262e-02 4.761905e-02 4.761905e-02 0.074380
  38  1.9000 -0.4938   2 6.175298e-01 4.032853e-02 4.761905e-02 4.761905e-02 0.077135
  39  1.9500 -0.4985   2 7.361823e-01 4.437248e-02 4.761905e-02 4.761905e-02 0.079890
  40  2.0000 -0.5000   1 8.424024e-01 4.647174e-02 4.761905e-02 4.761905e-02 0.080808
  41  2.0500 -0.4985   1 9.375627e-01 4.717885e-02 4.761905e-02 4.761905e-02 0.082645
  42  2.1000 -0.4938   1 1.022957e+00 4.678336e-02 4.761905e-02 4.761905e-02 0.083563
  43  2.1500 -0.4862   1 1.100878e+00 4.555079e-02 4.761905e-02 4.761905e-02 0.083563
  44  2.2000 -0.4755   1 1.185073e+00 4.369784e-02 4.761905e-02 4.761905e-02 0.085399
  45  2.2500 -0.4619   1 1.257670e+00 4.142507e-02 4.761905e-02 4.761905e-02 0.085399
  46  2.3000 -0.4455   1 1.318346e+00 3.910812e-02 4.761905e-02 4.761905e-02 0.086318
  47  2.3500 -0.4263   1 1.366426e+00 3.651640e-02 4.761905e-02 4.761905e-02 0.086318
  48  2.4000 -0.4045   1 1.401170e+00 3.399021e-02 4.761905e-02 4.761905e-02 0.089073
  49  2.4500 -0.3802   2 1.422653e+00 3.142643e-02 4.761905e-02 4.761905e-02 0.089991
  50  2.5000 -0.3536   2 1.430619e+00 2.917959e-02 4.761905e-02 4.761905e-02 0.090909
  51  2.5500 -0.3247   2 1.426147e+00 2.723104e-02 4.761905e-02 4.761905e-02 0.090909
  52  2.6000 -0.2939   2 1.449991e+00 2.511098e-02 4.761905e-02 4.761905e-02 0.090909
  53  2.6500 -0.2612   2 1.464771e+00 2.321469e-02 4.761905e-02 4.761905e-02 0.089073
  54  2.7000 -0.2270   2 1.469166e+00 2.135375e-02 4.761905e-02 4.761905e-02 0.089073
  55  2.7500 -0.1913   2 1.463666e+00 1.907701e-02 4.761905e-02 4.761905e-02 0.089073
  56  2.8000 -0.1545   2 1.449099e+00 1.644295e-02 4.761905e-02 4.761905e-02 0.089073
  57  2.8500 -0.1167   2 1.425085e+00 1.411536e-02 4.761905e-02 4.761905e-02 0.088154
  58  2.9000 -0.0782   2 1.391384e+00 1.280695e-02 4.761905e-02 4.761905e-02 0.084481
  59  2.9500 -0.0392   2 1.347868e+00 1.118926e-02 4.761905e-02 4.761905e-02 0.081726
  60  3.0000 -0.0000   3 1.297093e+00 9.433695e-03 4.761905e-02 4.761905e-02 0.081726
  61  3.0500 +0.0392   3 1.242257e+00 7.666143e-03 4.761905e-02 4.761905e-02 0.081726
  62  3.1000 +0.0782   2 1.176010e+00 6.526255e-03 4.761905e-02 4.761905e-02 0.076217
  63  3.1500 +0.1167   2 1.105240e+00 6.097246e-03 4.761905e-02 4.761905e-02 0.065197
  64  3.2000 +0.1545   2 1.033809e+00 4.811157e-03 4.761905e-02 4.761905e-02 0.023875
  65  3.2500 +0.1913   2 9.621475e-01 4.276970e-03 4.761905e-02 4.761905e-02 0.002755
  66  3.3000 +0.2270   2 8.905812e-01 3.800614e-03 4.761905e-02 4.761905e-02 0.000918
  67  3.3500 +0.2612   1 8.205795e-01 3.591219e-03 4.761905e-02 4.761905e-02 0.000918
  68  3.4000 +0.2939   1 7.513314e-01 3.242255e-03 4.761905e-02 4.761905e-02 0.014692
  69  3.4500 +0.3247   1 6.832569e-01 3.112381e-03 4.761905e-02 4.761905e-02 0.030303
  70  3.5000 +0.3536   2 6.158415e-01 3.012610e-03 4.761905e-02 4.761905e-02 0.046832
  71  3.5500 +0.3802   3 5.426403e-01 9.414049e-03 4.761905e-02 4.761905e-02 0.055096
  72  3.6000 +0.4045   2 4.598766e-01 1.344747e-02 4.761905e-02 4.761905e-02 0.056015
  73  3.6500 +0.4263   2 3.686486e-01 1.751552e-02 4.761905e-02 4.761905e-02 0.063361
  74  3.7000 +0.4455   2 3.704526e-01 2.018869e-02 4.761905e-02 4.761905e-02 0.065197
  75  3.7500 +0.4619   2 3.771265e-01 2.584583e-02 4.761905e-02 4.761905e-02 0.068871
  76  3.8000 +0.4755   2 4.175738e-01 2.960800e-02 4.761905e-02 4.761905e-02 0.073462
  77  3.8500 +0.4862   2 4.626525e-01 3.178334e-02 4.761905e-02 4.761905e-02 0.074380
  78  3.9000 +0.4938   2 5.275548e-01 3.483005e-02 4.761905e-02 4.761905e-02 0.076217
  79  3.9500 +0.4985   2 6.605616e-01 3.952029e-02 4.761905e-02 4.761905e-02 0.076217
  80  4.0000 +0.5000   2 7.812582e-01 4.322468e-02 4.761905e-02 4.761905e-02 0.078972
  81  4.0500 +0.4985   1 8.898217e-01 4.594196e-02 4.761905e-02 4.761905e-02 0.081726
  82  4.1000 +0.4938   1 9.862217e-01 4.777484e-02 4.761905e-02 4.761905e-02 0.082645
  83  4.1500 +0.4862   1 1.069820e+00 4.868506e-02 4.761905e-02 4.761905e-02 0.082645
  84  4.2000 +0.4755   1 1.140073e+00 4.854447e-02 4.761905e-02 4.761905e-02 0.083563
  85  4.2500 +0.4619   1 1.196854e+00 4.749476e-02 4.761905e-02 4.761905e-02 0.084481
  86  4.3000 +0.4455   1 1.240923e+00 4.566433e-02 4.761905e-02 4.761905e-02 0.085399
  87  4.3500 +0.4263   1 1.274067e+00 4.309146e-02 4.761905e-02 4.761905e-02 0.085399
  88  4.4000 +0.4045   1 1.297787e+00 4.004154e-02 4.761905e-02 4.761905e-02 0.087236
  89  4.4500 +0.3802   1 1.336217e+00 3.648186e-02 4.761905e-02 4.761905e-02 0.087236
  90  4.5000 +0.3536   1 1.380500e+00 3.258670e-02 4.761905e-02 4.761905e-02 0.087236
  91  4.5500 +0.3247   1 1.410549e+00 2.860311e-02 4.761905e-02 4.761905e-02 0.087236
  92  4.6000 +0.2939   2 1.428313e+00 2.549768e-02 4.761905e-02 4.761905e-02 0.087236
  93  4.6500 +0.2612   2 1.442400e+00 2.389863e-02 4.761905e-02 4.761905e-02 0.088154
  94  4.7000 +0.2270   2 1.444565e+00 2.152633e-02 4.761905e-02 4.761905e-02 0.088154
  95  4.7500 +0.1913   2 1.435878e+00 1.893847e-02 4.761905e-02 4.761905e-02 0.087236
  96  4.8000 +0.1545   2 1.417036e+00 1.739390e-02 4.761905e-02 4.761905e-02 0.087236
  97  4.8500 +0.1167   2 1.388719e+00 1.599502e-02 4.761905e-02 4.761905e-02 0.086318
  98  4.9000 +0.0782   2 1.350888e+00 1.435518e-02 4.761905e-02 4.761905e-02 0.083563
  99  4.9500 +0.0392   2 1.303369e+00 1.230662e-02 4.761905e-02 4.761905e-02 0.081726
 100  5.0000 +0.0000   3 1.246267e+00 1.023552e-02 4.761905e-02 4.761905e-02 0.081726
 101  5.0500 -0.0392   3 1.181939e+00 9.159989e-03 4.761905e-02 4.761905e-02 0.081726
 102  5.1000 -0.0782   2 1.109567e+00 6.395652e-03 4.761905e-02 4.761905e-02 0.076217
 103  5.1500 -0.1167   2 1.040404e+00 5.818483e-03 4.761905e-02 4.761905e-02 0.065197
 104  5.2000 -0.1545   2 9.722571e-01 4.397635e-03 4.761905e-02 4.761905e-02 0.022957
 105  5.2500 -0.1913   2 9.028162e-01 4.231302e-03 4.761905e-02 4.761905e-02 0.001837
 106  5.3000 -0.2270   1 8.343997e-01 3.833716e-03 4.761905e-02 4.761905e-02 0.000000
 107  5.3500 -0.2612   2 7.674505e-01 3.637379e-03 4.761905e-02 4.761905e-02 0.001837
 108  5.4000 -0.2939   1 7.005863e-01 3.230745e-03 4.761905e-02 4.761905e-02 0.014692
 109  5.4500 -0.3247   1 6.347624e-01 3.095695e-03 4.761905e-02 4.761905e-02 0.030303
 110  5.5000 -0.3536   2 5.693531e-01 3.140950e-03 4.761905e-02 4.761905e-02 0.046832
 111  5.5500 -0.3802   3 4.966662e-01 1.008644e-02 4.761905e-02 4.761905e-02 0.056015
 112  5.6000 -0.4045   2 4.113881e-01 1.471630e-02 4.761905e-02 4.761905e-02 0.056015
 113  5.6500 -0.4263   2 3.482174e-01 1.875658e-02 4.761905e-02 4.761905e-02 0.063361
 114  5.7000 -0.4455   2 3.508322e-01 2.160581e-02 4.761905e-02 4.761905e-02 0.065197
 115  5.7500 -0.4619   2 3.927199e-01 2.539237e-02 4.761905e-02 4.761905e-02 0.067952
 116  5.8000 -0.4755   2 4.334168e-01 2.969861e-02 4.761905e-02 4.761905e-02 0.073462
 117  5.8500 -0.4862   2 4.733666e-01 3.509052e-02 4.761905e-02 4.761905e-02 0.074380
 118  5.9000 -0.4938   2 5.475226e-01 4.065719e-02 4.761905e-02 4.761905e-02 0.076217
 119  5.9500 -0.4985   2 6.676656e-01 4.472683e-02 4.761905e-02 4.761905e-02 0.077135
 120  6.0000 -0.5000   1 7.758740e-01 4.690455e-02 4.761905e-02 4.761905e-02 0.079890
