# Phase F predictor-corrector trace: etd1_pc_picard
# integrator='etd' order=1 apply_radial_return=True in_residual_yield=False
# columns: step, t, V_top, snes_iters_total, picard_iters, sigma_eq_max, sigma_eq_max_after_correction, u_y_max, yielded_fraction
   1  0.0500 +0.4985   2  6 4.161077e-02 4.161077e-02 5.099459e-11 0.000000
   2  0.1000 +0.4938   2  6 8.093501e-02 8.093501e-02 1.349445e-05 0.046832
   3  0.1500 +0.4862   3  6 1.287508e-01 1.287508e-01 3.351302e-03 0.061524
   4  0.2000 +0.4755   4  6 1.811023e-01 1.811023e-01 8.347638e-03 0.072544
   5  0.2500 +0.4619   6  6 2.302776e-01 2.302776e-01 1.234744e-02 0.073462
   6  0.3000 +0.4455   4  6 2.775334e-01 2.775334e-01 1.493068e-02 0.081726
   7  0.3500 +0.4263   6  6 3.230740e-01 3.230740e-01 1.627572e-02 0.081726
   8  0.4000 +0.4045   6  6 3.674049e-01 3.674049e-01 1.692438e-02 0.081726
   9  0.4500 +0.3802   6  6 4.058537e-01 4.058537e-01 1.703386e-02 0.081726
  10  0.5000 +0.3536   6  6 4.377588e-01 4.377588e-01 1.663614e-02 0.082645
  11  0.5500 +0.3247   6  6 4.635655e-01 4.635655e-01 1.593578e-02 0.083563
  12  0.6000 +0.2939   5  5 4.832436e-01 4.832436e-01 1.509389e-02 0.083563
  13  0.6500 +0.2612   5  5 4.976155e-01 4.976155e-01 1.456039e-02 0.083563
  14  0.7000 +0.2270   4  4 5.067653e-01 5.067653e-01 1.378263e-02 0.081726
  15  0.7500 +0.1913   4  4 5.113699e-01 5.113699e-01 1.287287e-02 0.078053
  16  0.8000 +0.1545   5  5 5.115385e-01 5.115385e-01 1.179448e-02 0.074380
  17  0.8500 +0.1167   5  5 5.072425e-01 5.072425e-01 1.050574e-02 0.073462
  18  0.9000 +0.0782   6  6 4.983598e-01 4.983598e-01 9.114029e-03 0.068871
  19  0.9500 +0.0392   6  6 4.859537e-01 4.859537e-01 7.607633e-03 0.065197
  20  1.0000 -0.0000   6  6 4.694749e-01 4.694749e-01 6.055486e-03 0.059688
  21  1.0500 -0.0392   6  6 4.485793e-01 4.485793e-01 4.131973e-03 0.047750
  22  1.1000 -0.0782   6  6 4.235467e-01 4.235467e-01 2.559961e-03 0.022957
  23  1.1500 -0.1167   6  6 3.948545e-01 3.948545e-01 1.422857e-03 0.000918
  24  1.2000 -0.1545   6  6 3.638478e-01 3.638478e-01 1.121558e-03 0.000000
  25  1.2500 -0.1913   6  6 3.311189e-01 3.311189e-01 1.010840e-03 0.000000
  26  1.3000 -0.2270   6  6 2.968686e-01 2.968686e-01 8.951009e-04 0.001837
  27  1.3500 -0.2612   6  6 2.612707e-01 2.612707e-01 8.206035e-04 0.004591
  28  1.4000 -0.2939   6  6 2.241692e-01 2.241692e-01 1.015615e-03 0.029385
  29  1.4500 -0.3247   6  6 1.846865e-01 1.846865e-01 1.975358e-03 0.046832
  30  1.5000 -0.3536   6  6 1.409845e-01 1.409845e-01 4.005596e-03 0.054178
  31  1.5500 -0.3802   6  6 1.166370e-01 1.166370e-01 6.163564e-03 0.059688
  32  1.6000 -0.4045   6  6 1.336565e-01 1.336565e-01 8.330606e-03 0.066116
  33  1.6500 -0.4263   6  6 1.594410e-01 1.594410e-01 1.050882e-02 0.072544
  34  1.7000 -0.4455   6  6 1.765654e-01 1.765654e-01 1.282975e-02 0.073462
  35  1.7500 -0.4619   6  6 2.194027e-01 2.194027e-01 1.493627e-02 0.078053
  36  1.8000 -0.4755   6  6 2.595226e-01 2.595226e-01 1.670650e-02 0.081726
  37  1.8500 -0.4862   5  6 3.063497e-01 3.063497e-01 1.817514e-02 0.081726
  38  1.9000 -0.4938   5  6 3.544942e-01 3.544942e-01 1.928309e-02 0.081726
  39  1.9500 -0.4985   6  6 3.991369e-01 3.991369e-01 2.019328e-02 0.084481
  40  2.0000 -0.5000   5  6 4.398635e-01 4.398635e-01 2.094383e-02 0.086318
  41  2.0500 -0.4985   5  6 4.766056e-01 4.766056e-01 2.155494e-02 0.089073
  42  2.1000 -0.4938   5  6 5.164216e-01 5.164216e-01 2.186644e-02 0.089073
  43  2.1500 -0.4862   5  6 5.647899e-01 5.647899e-01 2.200411e-02 0.089991
  44  2.2000 -0.4755   6  6 6.088865e-01 6.088865e-01 2.205423e-02 0.091827
  45  2.2500 -0.4619   6  6 6.482230e-01 6.482230e-01 2.215879e-02 0.091827
  46  2.3000 -0.4455   6  6 6.827193e-01 6.827193e-01 2.204627e-02 0.092746
  47  2.3500 -0.4263   6  6 7.121618e-01 7.121618e-01 2.181352e-02 0.092746
  48  2.4000 -0.4045   5  5 7.360911e-01 7.360911e-01 2.145828e-02 0.092746
  49  2.4500 -0.3802   5  5 7.551158e-01 7.551158e-01 2.084470e-02 0.092746
  50  2.5000 -0.3536   4  4 7.689838e-01 7.689838e-01 2.003559e-02 0.092746
  51  2.5500 -0.3247   4  4 7.784161e-01 7.784161e-01 1.908171e-02 0.089991
  52  2.6000 -0.2939   4  4 7.835573e-01 7.835573e-01 1.817218e-02 0.089073
  53  2.6500 -0.2612   4  4 7.845050e-01 7.845050e-01 1.729180e-02 0.089073
  54  2.7000 -0.2270   4  4 7.813407e-01 7.813407e-01 1.624477e-02 0.085399
  55  2.7500 -0.1913   5  5 7.738206e-01 7.738206e-01 1.499546e-02 0.083563
  56  2.8000 -0.1545   5  5 7.620874e-01 7.620874e-01 1.361492e-02 0.077135
  57  2.8500 -0.1167   5  5 7.461220e-01 7.461220e-01 1.206496e-02 0.073462
  58  2.9000 -0.0782   6  6 7.256369e-01 7.256369e-01 1.060674e-02 0.068871
  59  2.9500 -0.0392   6  6 7.010363e-01 7.010363e-01 9.047866e-03 0.065197
  60  3.0000 -0.0000   6  6 6.738234e-01 6.738234e-01 7.415888e-03 0.059688
  61  3.0500 +0.0392   6  6 6.433692e-01 6.433692e-01 5.543277e-03 0.053260
  62  3.1000 +0.0782   6  6 6.099471e-01 6.099471e-01 3.871836e-03 0.029385
  63  3.1500 +0.1167   6  6 5.734248e-01 5.734248e-01 2.376721e-03 0.004591
  64  3.2000 +0.1545   6  6 5.346290e-01 5.346290e-01 1.916660e-03 0.001837
  65  3.2500 +0.1913   6  6 4.940989e-01 4.940989e-01 1.827304e-03 0.001837
  66  3.3000 +0.2270   6  6 4.522099e-01 4.522099e-01 1.683525e-03 0.004591
  67  3.3500 +0.2612   6  6 4.092209e-01 4.092209e-01 1.594976e-03 0.009183
  68  3.4000 +0.2939   6  6 3.649311e-01 3.649311e-01 1.932707e-03 0.030303
  69  3.4500 +0.3247   6  6 3.186272e-01 3.186272e-01 2.831886e-03 0.044995
  70  3.5000 +0.3536   6  6 2.685705e-01 2.685705e-01 4.340578e-03 0.054178
  71  3.5500 +0.3802   6  6 2.166092e-01 2.166092e-01 6.361989e-03 0.059688
  72  3.6000 +0.4045   6  6 1.610261e-01 1.610261e-01 8.260349e-03 0.066116
  73  3.6500 +0.4263   6  6 1.595580e-01 1.595580e-01 1.034355e-02 0.072544
  74  3.7000 +0.4455   6  6 1.632820e-01 1.632820e-01 1.248723e-02 0.074380
  75  3.7500 +0.4619   6  6 1.940748e-01 1.940748e-01 1.479202e-02 0.078053
  76  3.8000 +0.4755   6  6 2.410678e-01 2.410678e-01 1.669484e-02 0.081726
  77  3.8500 +0.4862   6  6 2.858449e-01 2.858449e-01 1.840059e-02 0.081726
  78  3.9000 +0.4938   6  6 3.294513e-01 3.294513e-01 1.965186e-02 0.081726
  79  3.9500 +0.4985   6  6 3.802306e-01 3.802306e-01 2.068451e-02 0.082645
  80  4.0000 +0.5000   6  6 4.271951e-01 4.271951e-01 2.145156e-02 0.085399
  81  4.0500 +0.4985   6  6 4.698095e-01 4.698095e-01 2.204894e-02 0.089073
  82  4.1000 +0.4938   5  6 5.072628e-01 5.072628e-01 2.239363e-02 0.089073
  83  4.1500 +0.4862   5  6 5.400127e-01 5.400127e-01 2.251380e-02 0.089073
  84  4.2000 +0.4755   5  6 5.800820e-01 5.800820e-01 2.235144e-02 0.089073
  85  4.2500 +0.4619   6  6 6.211326e-01 6.211326e-01 2.199080e-02 0.090909
  86  4.3000 +0.4455   6  6 6.558938e-01 6.558938e-01 2.156490e-02 0.092746
  87  4.3500 +0.4263   6  6 6.843123e-01 6.843123e-01 2.102370e-02 0.092746
  88  4.4000 +0.4045   5  5 7.063759e-01 7.063759e-01 2.062574e-02 0.092746
  89  4.4500 +0.3802   5  5 7.231025e-01 7.231025e-01 2.032786e-02 0.092746
  90  4.5000 +0.3536   5  5 7.350305e-01 7.350305e-01 1.985498e-02 0.091827
  91  4.5500 +0.3247   4  4 7.424922e-01 7.424922e-01 1.919538e-02 0.089991
  92  4.6000 +0.2939   4  4 7.461228e-01 7.461228e-01 1.844436e-02 0.089073
  93  4.6500 +0.2612   4  4 7.462011e-01 7.462011e-01 1.746419e-02 0.088154
  94  4.7000 +0.2270   4  4 7.428746e-01 7.428746e-01 1.629555e-02 0.085399
  95  4.7500 +0.1913   5  5 7.358811e-01 7.358811e-01 1.502104e-02 0.083563
  96  4.8000 +0.1545   5  5 7.253639e-01 7.253639e-01 1.351238e-02 0.076217
  97  4.8500 +0.1167   5  5 7.110578e-01 7.110578e-01 1.204830e-02 0.072544
  98  4.9000 +0.0782   6  6 6.946220e-01 6.946220e-01 1.054086e-02 0.068871
  99  4.9500 +0.0392   6  6 6.739125e-01 6.739125e-01 8.925269e-03 0.065197
 100  5.0000 +0.0000   6  6 6.489214e-01 6.489214e-01 7.307332e-03 0.059688
 101  5.0500 -0.0392   6  6 6.198678e-01 6.198678e-01 5.249013e-03 0.050505
 102  5.1000 -0.0782   6  6 5.868589e-01 5.868589e-01 3.540912e-03 0.026630
 103  5.1500 -0.1167   6  6 5.506593e-01 5.506593e-01 2.155882e-03 0.001837
 104  5.2000 -0.1545   6  6 5.124078e-01 5.124078e-01 1.573846e-03 0.000000
 105  5.2500 -0.1913   6  6 4.726878e-01 4.726878e-01 1.526428e-03 0.001837
 106  5.3000 -0.2270   6  6 4.316547e-01 4.316547e-01 1.350858e-03 0.002755
 107  5.3500 -0.2612   6  6 3.895309e-01 3.895309e-01 1.259554e-03 0.008264
 108  5.4000 -0.2939   6  6 3.461341e-01 3.461341e-01 1.468956e-03 0.030303
 109  5.4500 -0.3247   6  6 3.006082e-01 3.006082e-01 2.371470e-03 0.044995
 110  5.5000 -0.3536   6  6 2.510723e-01 2.510723e-01 4.310133e-03 0.054178
 111  5.5500 -0.3802   6  6 1.995589e-01 1.995589e-01 6.431268e-03 0.059688
 112  5.6000 -0.4045   6  6 1.452066e-01 1.452066e-01 8.472646e-03 0.066116
 113  5.6500 -0.4263   6  6 1.594970e-01 1.594970e-01 1.064486e-02 0.072544
 114  5.7000 -0.4455   6  6 1.630191e-01 1.630191e-01 1.287049e-02 0.074380
 115  5.7500 -0.4619   6  6 1.902722e-01 1.902722e-01 1.505430e-02 0.077135
 116  5.8000 -0.4755   6  6 2.319192e-01 2.319192e-01 1.681173e-02 0.081726
 117  5.8500 -0.4862   6  6 2.719600e-01 2.719600e-01 1.828151e-02 0.081726
 118  5.9000 -0.4938   5  6 3.215692e-01 3.215692e-01 1.932832e-02 0.081726
 119  5.9500 -0.4985   6  6 3.678246e-01 3.678246e-01 2.020076e-02 0.083563
 120  6.0000 -0.5000   6  6 4.102416e-01 4.102416e-01 2.091711e-02 0.086318
