# Phase G v5 custom constitutive (use_yield_lagged_alpha=False): v5b_etd2_blend25
# columns: step, t, V_top, snes, sigma_eq_max, u_y_max, eta_lag_min, eta_lag_max, yielded_fraction
   1  0.0500 +0.4985   1 2.131805e-02 1.648328e-05 4.761905e-02 4.761905e-02 0.000000
   2  0.1000 +0.4938   1 4.667013e-02 5.195407e-05 4.761905e-02 4.761905e-02 0.000000
   3  0.1500 +0.4862   1 7.044851e-02 1.478889e-04 4.761905e-02 4.761905e-02 0.041322
   4  0.2000 +0.4755   2 9.517346e-02 2.101520e-03 4.761905e-02 4.761905e-02 0.054178
   5  0.2500 +0.4619   3 1.401521e-01 1.295692e-02 4.761905e-02 4.761905e-02 0.059688
   6  0.3000 +0.4455   2 1.900406e-01 1.523972e-02 4.761905e-02 4.761905e-02 0.063361
   7  0.3500 +0.4263   2 2.318242e-01 1.598548e-02 4.761905e-02 4.761905e-02 0.066116
   8  0.4000 +0.4045   2 2.910959e-01 1.652756e-02 4.761905e-02 4.761905e-02 0.068871
   9  0.4500 +0.3802   2 3.600210e-01 1.731714e-02 4.761905e-02 4.761905e-02 0.072544
  10  0.5000 +0.3536   2 4.223362e-01 1.704601e-02 4.761905e-02 4.761905e-02 0.073462
  11  0.5500 +0.3247   1 4.704952e-01 1.641397e-02 4.761905e-02 4.761905e-02 0.074380
  12  0.6000 +0.2939   1 5.061343e-01 1.539983e-02 4.761905e-02 4.761905e-02 0.074380
  13  0.6500 +0.2612   1 5.302215e-01 1.409991e-02 4.761905e-02 4.761905e-02 0.074380
  14  0.7000 +0.2270   2 5.437923e-01 1.253899e-02 4.761905e-02 4.761905e-02 0.074380
  15  0.7500 +0.1913   2 5.480168e-01 1.078626e-02 4.761905e-02 4.761905e-02 0.074380
  16  0.8000 +0.1545   2 5.440077e-01 8.793627e-03 4.761905e-02 4.761905e-02 0.074380
  17  0.8500 +0.1167   2 5.328411e-01 7.364052e-03 4.761905e-02 4.761905e-02 0.072544
  18  0.9000 +0.0782   2 5.156789e-01 6.382581e-03 4.761905e-02 4.761905e-02 0.072544
  19  0.9500 +0.0392   4 4.943016e-01 4.983578e-03 4.761905e-02 4.761905e-02 0.072544
  20  1.0000 -0.0000   3 4.704025e-01 3.757015e-03 4.761905e-02 4.761905e-02 0.067034
  21  1.0500 -0.0392   2 4.436442e-01 3.081487e-03 4.761905e-02 4.761905e-02 0.063361
  22  1.1000 -0.0782   2 4.160292e-01 2.805097e-03 4.761905e-02 4.761905e-02 0.057851
  23  1.1500 -0.1167   2 3.861052e-01 2.455073e-03 4.761905e-02 4.761905e-02 0.050505
  24  1.2000 -0.1545   2 3.548467e-01 2.205151e-03 4.761905e-02 4.761905e-02 0.018365
  25  1.2500 -0.1913   1 3.227691e-01 2.103292e-03 4.761905e-02 4.761905e-02 0.000000
  26  1.3000 -0.2270   1 2.905710e-01 1.983606e-03 4.761905e-02 4.761905e-02 0.000000
  27  1.3500 -0.2612   1 2.587543e-01 1.767914e-03 4.761905e-02 4.761905e-02 0.000000
  28  1.4000 -0.2939   1 2.274906e-01 1.533251e-03 4.761905e-02 4.761905e-02 0.000000
  29  1.4500 -0.3247   1 1.968012e-01 1.382222e-03 4.761905e-02 4.761905e-02 0.000000
  30  1.5000 -0.3536   1 1.664298e-01 1.244047e-03 4.761905e-02 4.761905e-02 0.013774
  31  1.5500 -0.3802   1 1.364457e-01 1.118155e-03 4.761905e-02 4.761905e-02 0.026630
  32  1.6000 -0.4045   1 1.074917e-01 1.019095e-03 4.761905e-02 4.761905e-02 0.039486
  33  1.6500 -0.4263   3 1.236095e-01 4.897279e-03 4.761905e-02 4.761905e-02 0.050505
  34  1.7000 -0.4455   3 1.394474e-01 1.111760e-02 4.761905e-02 4.761905e-02 0.056015
  35  1.7500 -0.4619   2 1.547856e-01 1.509791e-02 4.761905e-02 4.761905e-02 0.058770
  36  1.8000 -0.4755   2 1.962889e-01 1.853054e-02 4.761905e-02 4.761905e-02 0.063361
  37  1.8500 -0.4862   2 2.432689e-01 2.050260e-02 4.761905e-02 4.761905e-02 0.064279
  38  1.9000 -0.4938   2 2.843065e-01 2.313477e-02 4.761905e-02 4.761905e-02 0.067034
  39  1.9500 -0.4985   2 3.262525e-01 2.579014e-02 4.761905e-02 4.761905e-02 0.073462
  40  2.0000 -0.5000   2 3.869254e-01 2.866401e-02 4.761905e-02 4.761905e-02 0.074380
  41  2.0500 -0.4985   2 4.719672e-01 3.104925e-02 4.761905e-02 4.761905e-02 0.074380
  42  2.1000 -0.4938   1 5.467291e-01 3.303689e-02 4.761905e-02 4.761905e-02 0.074380
  43  2.1500 -0.4862   1 6.125576e-01 3.410610e-02 4.761905e-02 4.761905e-02 0.076217
  44  2.2000 -0.4755   1 6.701827e-01 3.413098e-02 4.761905e-02 4.761905e-02 0.077135
  45  2.2500 -0.4619   1 7.198945e-01 3.328763e-02 4.761905e-02 4.761905e-02 0.078053
  46  2.3000 -0.4455   1 7.617665e-01 3.181607e-02 4.761905e-02 4.761905e-02 0.078972
  47  2.3500 -0.4263   1 7.958882e-01 2.995930e-02 4.761905e-02 4.761905e-02 0.080808
  48  2.4000 -0.4045   1 8.224108e-01 2.796287e-02 4.761905e-02 4.761905e-02 0.080808
  49  2.4500 -0.3802   1 8.415203e-01 2.588494e-02 4.761905e-02 4.761905e-02 0.081726
  50  2.5000 -0.3536   1 8.534235e-01 2.382896e-02 4.761905e-02 4.761905e-02 0.081726
  51  2.5500 -0.3247   2 8.582815e-01 2.189875e-02 4.761905e-02 4.761905e-02 0.081726
  52  2.6000 -0.2939   2 8.562781e-01 1.986591e-02 4.761905e-02 4.761905e-02 0.081726
  53  2.6500 -0.2612   2 8.476625e-01 1.773075e-02 4.761905e-02 4.761905e-02 0.080808
  54  2.7000 -0.2270   2 8.327514e-01 1.553198e-02 4.761905e-02 4.761905e-02 0.080808
  55  2.7500 -0.1913   2 8.121264e-01 1.315544e-02 4.761905e-02 4.761905e-02 0.080808
  56  2.8000 -0.1545   2 7.862376e-01 1.209269e-02 4.761905e-02 4.761905e-02 0.079890
  57  2.8500 -0.1167   2 7.555812e-01 1.110723e-02 4.761905e-02 4.761905e-02 0.078053
  58  2.9000 -0.0782   2 7.221540e-01 9.840368e-03 4.761905e-02 4.761905e-02 0.075298
  59  2.9500 -0.0392   3 6.984598e-01 8.334231e-03 4.761905e-02 4.761905e-02 0.074380
  60  3.0000 -0.0000   3 6.715094e-01 6.447620e-03 4.761905e-02 4.761905e-02 0.074380
  61  3.0500 +0.0392   2 6.435736e-01 5.077029e-03 4.761905e-02 4.761905e-02 0.072544
  62  3.1000 +0.0782   2 6.091790e-01 4.066971e-03 4.761905e-02 4.761905e-02 0.064279
  63  3.1500 +0.1167   2 5.721352e-01 3.797231e-03 4.761905e-02 4.761905e-02 0.056015
  64  3.2000 +0.1545   2 5.349223e-01 3.463375e-03 4.761905e-02 4.761905e-02 0.024793
  65  3.2500 +0.1913   2 4.978790e-01 3.251348e-03 4.761905e-02 4.761905e-02 0.000918
  66  3.3000 +0.2270   1 4.613641e-01 3.039685e-03 4.761905e-02 4.761905e-02 0.000000
  67  3.3500 +0.2612   1 4.247040e-01 2.830760e-03 4.761905e-02 4.761905e-02 0.000000
  68  3.4000 +0.2939   1 3.879138e-01 2.566525e-03 4.761905e-02 4.761905e-02 0.000000
  69  3.4500 +0.3247   1 3.511438e-01 2.238412e-03 4.761905e-02 4.761905e-02 0.000000
  70  3.5000 +0.3536   1 3.147224e-01 2.022842e-03 4.761905e-02 4.761905e-02 0.013774
  71  3.5500 +0.3802   1 2.786957e-01 1.805114e-03 4.761905e-02 4.761905e-02 0.025712
  72  3.6000 +0.4045   2 2.431228e-01 1.629113e-03 4.761905e-02 4.761905e-02 0.038567
  73  3.6500 +0.4263   3 2.065259e-01 4.953931e-03 4.761905e-02 4.761905e-02 0.049587
  74  3.7000 +0.4455   3 1.895226e-01 1.022767e-02 4.761905e-02 4.761905e-02 0.056015
  75  3.7500 +0.4619   2 2.032185e-01 1.382229e-02 4.761905e-02 4.761905e-02 0.056015
  76  3.8000 +0.4755   2 2.148872e-01 1.689393e-02 4.761905e-02 4.761905e-02 0.063361
  77  3.8500 +0.4862   2 2.405591e-01 1.899188e-02 4.761905e-02 4.761905e-02 0.063361
  78  3.9000 +0.4938   2 2.786304e-01 2.104967e-02 4.761905e-02 4.761905e-02 0.065197
  79  3.9500 +0.4985   2 3.225778e-01 2.411941e-02 4.761905e-02 4.761905e-02 0.068871
  80  4.0000 +0.5000   2 3.531402e-01 2.607726e-02 4.761905e-02 4.761905e-02 0.074380
  81  4.0500 +0.4985   2 4.222825e-01 2.749617e-02 4.761905e-02 4.761905e-02 0.074380
  82  4.1000 +0.4938   1 5.117629e-01 2.854822e-02 4.761905e-02 4.761905e-02 0.074380
  83  4.1500 +0.4862   1 5.884713e-01 2.990239e-02 4.761905e-02 4.761905e-02 0.074380
  84  4.2000 +0.4755   1 6.531215e-01 3.077055e-02 4.761905e-02 4.761905e-02 0.076217
  85  4.2500 +0.4619   1 7.058638e-01 3.103700e-02 4.761905e-02 4.761905e-02 0.076217
  86  4.3000 +0.4455   1 7.474256e-01 3.066879e-02 4.761905e-02 4.761905e-02 0.076217
  87  4.3500 +0.4263   1 7.790182e-01 2.968579e-02 4.761905e-02 4.761905e-02 0.078053
  88  4.4000 +0.4045   1 8.018733e-01 2.821385e-02 4.761905e-02 4.761905e-02 0.079890
  89  4.4500 +0.3802   1 8.170142e-01 2.635213e-02 4.761905e-02 4.761905e-02 0.080808
  90  4.5000 +0.3536   1 8.253280e-01 2.428175e-02 4.761905e-02 4.761905e-02 0.081726
  91  4.5500 +0.3247   1 8.274755e-01 2.218355e-02 4.761905e-02 4.761905e-02 0.081726
  92  4.6000 +0.2939   2 8.238462e-01 2.006667e-02 4.761905e-02 4.761905e-02 0.081726
  93  4.6500 +0.2612   2 8.144260e-01 1.784811e-02 4.761905e-02 4.761905e-02 0.081726
  94  4.7000 +0.2270   2 7.992828e-01 1.557066e-02 4.761905e-02 4.761905e-02 0.081726
  95  4.7500 +0.1913   2 7.787710e-01 1.420598e-02 4.761905e-02 4.761905e-02 0.080808
  96  4.8000 +0.1545   2 7.538045e-01 1.328173e-02 4.761905e-02 4.761905e-02 0.079890
  97  4.8500 +0.1167   2 7.255210e-01 1.212863e-02 4.761905e-02 4.761905e-02 0.077135
  98  4.9000 +0.0782   2 6.926505e-01 1.058393e-02 4.761905e-02 4.761905e-02 0.074380
  99  4.9500 +0.0392   3 6.663111e-01 8.719196e-03 4.761905e-02 4.761905e-02 0.074380
 100  5.0000 +0.0000   3 6.389086e-01 6.552634e-03 4.761905e-02 4.761905e-02 0.072544
 101  5.0500 -0.0392   2 6.084881e-01 5.491764e-03 4.761905e-02 4.761905e-02 0.072544
 102  5.1000 -0.0782   2 5.734163e-01 3.843253e-03 4.761905e-02 4.761905e-02 0.064279
 103  5.1500 -0.1167   2 5.381641e-01 3.717659e-03 4.761905e-02 4.761905e-02 0.056015
 104  5.2000 -0.1545   2 5.028654e-01 3.484707e-03 4.761905e-02 4.761905e-02 0.022957
 105  5.2500 -0.1913   2 4.676889e-01 3.273228e-03 4.761905e-02 4.761905e-02 0.000000
 106  5.3000 -0.2270   1 4.330017e-01 3.046828e-03 4.761905e-02 4.761905e-02 0.000000
 107  5.3500 -0.2612   1 3.978666e-01 2.840301e-03 4.761905e-02 4.761905e-02 0.000000
 108  5.4000 -0.2939   1 3.624822e-01 2.598390e-03 4.761905e-02 4.761905e-02 0.000000
 109  5.4500 -0.3247   1 3.269318e-01 2.278092e-03 4.761905e-02 4.761905e-02 0.000000
 110  5.5000 -0.3536   1 2.916842e-01 2.057521e-03 4.761905e-02 4.761905e-02 0.014692
 111  5.5500 -0.3802   1 2.568240e-01 1.839085e-03 4.761905e-02 4.761905e-02 0.026630
 112  5.6000 -0.4045   2 2.223763e-01 1.677083e-03 4.761905e-02 4.761905e-02 0.038567
 113  5.6500 -0.4263   3 1.866343e-01 5.312400e-03 4.761905e-02 4.761905e-02 0.049587
 114  5.7000 -0.4455   3 1.828790e-01 1.101374e-02 4.761905e-02 4.761905e-02 0.056015
 115  5.7500 -0.4619   2 1.967710e-01 1.497903e-02 4.761905e-02 4.761905e-02 0.056015
 116  5.8000 -0.4755   2 2.076496e-01 1.849054e-02 4.761905e-02 4.761905e-02 0.063361
 117  5.8500 -0.4862   2 2.466861e-01 2.005830e-02 4.761905e-02 4.761905e-02 0.063361
 118  5.9000 -0.4938   2 2.852923e-01 2.246266e-02 4.761905e-02 4.761905e-02 0.066116
 119  5.9500 -0.4985   2 3.223690e-01 2.550904e-02 4.761905e-02 4.761905e-02 0.069789
 120  6.0000 -0.5000   2 3.592645e-01 2.844739e-02 4.761905e-02 4.761905e-02 0.074380
