# Phase G two-Stokes operator-split: bdf1
# η_eff_frozen=4.761905e-02
# columns: step, t, V_top, snes_VE, snes_pl, sigma_eq_max_VE, sigma_eq_max_total, sigma_eq_max_admissible, u_VE_y_max, u_pl_y_max, yielded_fraction
   1  0.0500 +0.4985   1   1 4.128507e-02 8.253547e-02 8.253547e-02 1.648185e-05 4.234912e-05 0.050505
   2  0.1000 +0.4938   1   1 1.316340e-01 1.791930e-01 1.791930e-01 3.644807e-03 9.122831e-04 0.074380
   3  0.1500 +0.4862   1   1 2.419653e-01 3.118790e-01 3.118790e-01 1.755278e-02 5.023160e-03 0.081726
   4  0.2000 +0.4755   1   1 3.602410e-01 4.626600e-01 4.626600e-01 2.919148e-02 1.247657e-02 0.089073
   5  0.2500 +0.4619   1   1 4.876179e-01 6.270607e-01 6.270607e-01 3.621142e-02 2.122805e-02 0.089991
   6  0.3000 +0.4455   1   1 6.693912e-01 8.405240e-01 8.405240e-01 3.954460e-02 2.975425e-02 0.097337
   7  0.3500 +0.4263   1   1 9.004092e-01 1.200959e+00 1.200959e+00 4.157879e-02 3.639124e-02 0.099174
   8  0.4000 +0.4045   1   1 1.168381e+00 1.641332e+00 1.641332e+00 4.446546e-02 5.340553e-02 0.100092
   9  0.4500 +0.3802   1   1 1.440688e+00 2.099474e+00 2.099474e+00 4.779403e-02 8.345398e-02 0.100092
  10  0.5000 +0.3536   1   1 1.671884e+00 2.489029e+00 2.489029e+00 5.038318e-02 1.114998e-01 0.100092
  11  0.5500 +0.3247   1   1 2.155106e+00 3.461931e+00 3.461931e+00 8.313991e-02 1.415293e-01 0.100092
  12  0.6000 +0.2939   1   1 2.597636e+00 4.298415e+00 4.298415e+00 1.104659e-01 2.062055e-01 0.101928
  13  0.6500 +0.2612   1   1 2.797180e+00 4.657680e+00 4.657680e+00 1.564161e-01 2.422354e-01 0.101928
  14  0.7000 +0.2270   1   1 2.724759e+00 4.487114e+00 4.487114e+00 2.239714e-01 2.415248e-01 0.100092
  15  0.7500 +0.1913   1   1 2.670327e+00 4.262410e+00 4.262410e+00 2.538862e-01 2.115074e-01 0.096419
  16  0.8000 +0.1545   1   1 2.485657e+00 3.875198e+00 3.875198e+00 2.473791e-01 1.507465e-01 0.093664
  17  0.8500 +0.1167   1   1 2.141240e+00 3.033080e+00 3.033080e+00 1.940982e-01 9.404939e-02 0.089991
  18  0.9000 +0.0782   1   1 2.005078e+00 2.761229e+00 2.761229e+00 1.441770e-01 5.113701e-02 0.082645
  19  0.9500 +0.0392   1   1 1.679371e+00 2.144277e+00 2.144277e+00 6.941391e-02 3.884767e-02 0.078972
  20  1.0000 -0.0000   1   1 1.417554e+00 1.681398e+00 1.681398e+00 4.768886e-02 2.365449e-02 0.065197
  21  1.0500 -0.0392   1   1 1.252073e+00 1.435440e+00 1.435440e+00 3.231136e-02 1.154432e-02 0.054178
  22  1.1000 -0.0782   1   1 1.126075e+00 1.267879e+00 1.267879e+00 1.779313e-02 1.194893e-02 0.037649
  23  1.1500 -0.1167   1   1 1.011877e+00 1.115827e+00 1.115827e+00 1.432856e-02 1.011321e-02 0.006428
  24  1.2000 -0.1545   1   1 9.149813e-01 9.944294e-01 9.944294e-01 1.073262e-02 9.832712e-03 0.004591
  25  1.2500 -0.1913   1   1 8.318880e-01 8.981140e-01 8.981140e-01 8.755614e-03 9.963349e-03 0.012856
  26  1.3000 -0.2270   1   1 7.541963e-01 8.118726e-01 8.118726e-01 8.728405e-03 1.007611e-02 0.038567
  27  1.3500 -0.2612   1   1 6.779184e-01 7.304670e-01 7.304670e-01 8.731282e-03 1.014226e-02 0.056015
  28  1.4000 -0.2939   1   1 6.006306e-01 6.511986e-01 6.511986e-01 1.197136e-02 1.013980e-02 0.067034
  29  1.4500 -0.3247   1   1 5.227237e-01 5.750199e-01 5.750199e-01 1.681685e-02 1.086650e-02 0.076217
  30  1.5000 -0.3536   1   1 4.467655e-01 5.059827e-01 5.059827e-01 2.227344e-02 1.279448e-02 0.078972
  31  1.5500 -0.3802   1   1 3.889689e-01 5.514624e-01 5.514624e-01 2.729231e-02 1.542516e-02 0.081726
  32  1.6000 -0.4045   1   1 5.193100e-01 7.808144e-01 7.808144e-01 3.140208e-02 1.911398e-02 0.087236
  33  1.6500 -0.4263   1   1 7.519007e-01 1.169903e+00 1.169903e+00 3.457438e-02 3.482811e-02 0.089073
  34  1.7000 -0.4455   1   1 1.327625e+00 2.410562e+00 2.410562e+00 3.965486e-02 7.263343e-02 0.090909
  35  1.7500 -0.4619   1   1 3.052793e+00 5.596395e+00 5.596395e+00 6.263999e-02 1.672252e-01 0.093664
  36  1.8000 -0.4755   1   1 7.007915e+00 1.291836e+01 1.291836e+01 1.529835e-01 3.853982e-01 0.100092
  37  1.8500 -0.4862   1   1 1.618656e+01 2.992956e+01 2.992956e+01 3.857033e-01 1.021598e+00 0.106520
  38  1.9000 -0.4938   1   1 3.633115e+01 6.738515e+01 6.738515e+01 8.217616e-01 2.556586e+00 0.112948
  39  1.9500 -0.4985   1   1 7.149545e+01 1.329483e+02 1.329483e+02 3.332106e+00 5.614007e+00 0.110193
