# Phase G v5 custom constitutive (use_yield_lagged_alpha=False): v5b_etd1
# columns: step, t, V_top, snes, sigma_eq_max, u_y_max, eta_lag_min, eta_lag_max, yielded_fraction
   1  0.0500 +0.4985   1 4.228398e-02 1.648471e-05 4.761905e-02 4.761905e-02 0.000000
   2  0.1000 +0.4938   1 8.237897e-02 2.105822e-04 4.761905e-02 4.761905e-02 0.050505
   3  0.1500 +0.4862   4 1.580007e-01 1.058692e-02 4.761905e-02 4.761905e-02 0.063361
   4  0.2000 +0.4755   2 2.468751e-01 1.886851e-02 4.761905e-02 4.761905e-02 0.067034
   5  0.2500 +0.4619   2 3.661452e-01 2.130981e-02 4.761905e-02 4.761905e-02 0.074380
   6  0.3000 +0.4455   2 4.951607e-01 2.335881e-02 4.761905e-02 4.761905e-02 0.074380
   7  0.3500 +0.4263   2 6.146025e-01 2.444479e-02 4.761905e-02 4.761905e-02 0.076217
   8  0.4000 +0.4045   2 7.200550e-01 2.405791e-02 4.761905e-02 4.761905e-02 0.077135
   9  0.4500 +0.3802   1 8.067176e-01 2.278003e-02 4.761905e-02 4.761905e-02 0.079890
  10  0.5000 +0.3536   1 8.740009e-01 2.129619e-02 4.761905e-02 4.761905e-02 0.081726
  11  0.5500 +0.3247   1 9.228797e-01 1.998818e-02 4.761905e-02 4.761905e-02 0.081726
  12  0.6000 +0.2939   2 9.547234e-01 1.835684e-02 4.761905e-02 4.761905e-02 0.081726
  13  0.6500 +0.2612   2 9.710000e-01 1.687362e-02 4.761905e-02 4.761905e-02 0.081726
  14  0.7000 +0.2270   2 9.729149e-01 1.502775e-02 4.761905e-02 4.761905e-02 0.081726
  15  0.7500 +0.1913   2 9.616340e-01 1.286171e-02 4.761905e-02 4.761905e-02 0.081726
  16  0.8000 +0.1545   2 9.380271e-01 1.049335e-02 4.761905e-02 4.761905e-02 0.081726
  17  0.8500 +0.1167   2 9.032034e-01 9.064498e-03 4.761905e-02 4.761905e-02 0.081726
  18  0.9000 +0.0782   2 8.591086e-01 8.388273e-03 4.761905e-02 4.761905e-02 0.081726
  19  0.9500 +0.0392   3 8.083081e-01 7.402993e-03 4.761905e-02 4.761905e-02 0.081726
  20  1.0000 -0.0000   4 7.744959e-01 6.179383e-03 4.761905e-02 4.761905e-02 0.075298
  21  1.0500 -0.0392   3 7.380259e-01 4.998789e-03 4.761905e-02 4.761905e-02 0.074380
  22  1.1000 -0.0782   2 6.964228e-01 3.897859e-03 4.761905e-02 4.761905e-02 0.071625
  23  1.1500 -0.1167   2 6.530314e-01 2.896214e-03 4.761905e-02 4.761905e-02 0.054178
  24  1.2000 -0.1545   2 6.078377e-01 2.337156e-03 4.761905e-02 4.761905e-02 0.006428
  25  1.2500 -0.1913   2 5.617800e-01 2.208496e-03 4.761905e-02 4.761905e-02 0.000000
  26  1.3000 -0.2270   1 5.155068e-01 2.104998e-03 4.761905e-02 4.761905e-02 0.000000
  27  1.3500 -0.2612   1 4.678279e-01 2.000575e-03 4.761905e-02 4.761905e-02 0.001837
  28  1.4000 -0.2939   1 4.195737e-01 1.842249e-03 4.761905e-02 4.761905e-02 0.022039
  29  1.4500 -0.3247   2 3.709070e-01 1.644871e-03 4.761905e-02 4.761905e-02 0.034894
  30  1.5000 -0.3536   3 3.190946e-01 3.829867e-03 4.761905e-02 4.761905e-02 0.048669
  31  1.5500 -0.3802   3 2.562534e-01 9.665251e-03 4.761905e-02 4.761905e-02 0.056015
  32  1.6000 -0.4045   2 2.506808e-01 1.458459e-02 4.761905e-02 4.761905e-02 0.057851
  33  1.6500 -0.4263   2 2.657805e-01 1.826031e-02 4.761905e-02 4.761905e-02 0.063361
  34  1.7000 -0.4455   2 3.300942e-01 2.126994e-02 4.761905e-02 4.761905e-02 0.066116
  35  1.7500 -0.4619   2 3.801229e-01 2.421320e-02 4.761905e-02 4.761905e-02 0.073462
  36  1.8000 -0.4755   2 4.359848e-01 2.643875e-02 4.761905e-02 4.761905e-02 0.074380
  37  1.8500 -0.4862   2 5.423382e-01 2.842971e-02 4.761905e-02 4.761905e-02 0.075298
  38  1.9000 -0.4938   2 6.718768e-01 3.264677e-02 4.761905e-02 4.761905e-02 0.077135
  39  1.9500 -0.4985   1 7.881516e-01 3.566029e-02 4.761905e-02 4.761905e-02 0.079890
  40  2.0000 -0.5000   1 8.928056e-01 3.725935e-02 4.761905e-02 4.761905e-02 0.081726
  41  2.0500 -0.4985   1 9.870643e-01 3.770078e-02 4.761905e-02 4.761905e-02 0.083563
  42  2.1000 -0.4938   1 1.071796e+00 3.723222e-02 4.761905e-02 4.761905e-02 0.083563
  43  2.1500 -0.4862   1 1.150729e+00 3.606965e-02 4.761905e-02 4.761905e-02 0.085399
  44  2.2000 -0.4755   1 1.235137e+00 3.447469e-02 4.761905e-02 4.761905e-02 0.085399
  45  2.2500 -0.4619   1 1.307689e+00 3.305235e-02 4.761905e-02 4.761905e-02 0.087236
  46  2.3000 -0.4455   1 1.368127e+00 3.264462e-02 4.761905e-02 4.761905e-02 0.087236
  47  2.3500 -0.4263   1 1.415775e+00 3.157639e-02 4.761905e-02 4.761905e-02 0.088154
  48  2.4000 -0.4045   1 1.450027e+00 2.989227e-02 4.761905e-02 4.761905e-02 0.088154
  49  2.4500 -0.3802   2 1.470703e+00 2.762863e-02 4.761905e-02 4.761905e-02 0.089991
  50  2.5000 -0.3536   2 1.477686e+00 2.500954e-02 4.761905e-02 4.761905e-02 0.090909
  51  2.5500 -0.3247   2 1.471475e+00 2.290238e-02 4.761905e-02 4.761905e-02 0.089991
  52  2.6000 -0.2939   2 1.452549e+00 2.091155e-02 4.761905e-02 4.761905e-02 0.089991
  53  2.6500 -0.2612   2 1.421493e+00 1.873810e-02 4.761905e-02 4.761905e-02 0.089991
  54  2.7000 -0.2270   2 1.404396e+00 1.638802e-02 4.761905e-02 4.761905e-02 0.089073
  55  2.7500 -0.1913   2 1.397267e+00 1.470063e-02 4.761905e-02 4.761905e-02 0.089073
  56  2.8000 -0.1545   2 1.381536e+00 1.343194e-02 4.761905e-02 4.761905e-02 0.089073
  57  2.8500 -0.1167   2 1.356931e+00 1.195630e-02 4.761905e-02 4.761905e-02 0.088154
  58  2.9000 -0.0782   2 1.323484e+00 1.031042e-02 4.761905e-02 4.761905e-02 0.084481
  59  2.9500 -0.0392   3 1.281206e+00 8.705431e-03 4.761905e-02 4.761905e-02 0.081726
  60  3.0000 -0.0000   4 1.231454e+00 7.615060e-03 4.761905e-02 4.761905e-02 0.081726
  61  3.0500 +0.0392   4 1.179908e+00 6.641403e-03 4.761905e-02 4.761905e-02 0.079890
  62  3.1000 +0.0782   2 1.118889e+00 5.608145e-03 4.761905e-02 4.761905e-02 0.072544
  63  3.1500 +0.1167   2 1.053123e+00 4.625586e-03 4.761905e-02 4.761905e-02 0.055096
  64  3.2000 +0.1545   2 9.868242e-01 3.834845e-03 4.761905e-02 4.761905e-02 0.015611
  65  3.2500 +0.1913   2 9.197313e-01 3.277178e-03 4.761905e-02 4.761905e-02 0.001837
  66  3.3000 +0.2270   2 8.531430e-01 2.965796e-03 4.761905e-02 4.761905e-02 0.000000
  67  3.3500 +0.2612   1 7.875391e-01 2.773294e-03 4.761905e-02 4.761905e-02 0.002755
  68  3.4000 +0.2939   1 7.221902e-01 2.638386e-03 4.761905e-02 4.761905e-02 0.022039
  69  3.4500 +0.3247   2 6.573159e-01 2.429902e-03 4.761905e-02 4.761905e-02 0.034894
  70  3.5000 +0.3536   3 5.908589e-01 3.807355e-03 4.761905e-02 4.761905e-02 0.048669
  71  3.5500 +0.3802   3 5.151791e-01 8.892290e-03 4.761905e-02 4.761905e-02 0.056015
  72  3.6000 +0.4045   2 4.292483e-01 1.334330e-02 4.761905e-02 4.761905e-02 0.057851
  73  3.6500 +0.4263   2 3.742507e-01 1.694185e-02 4.761905e-02 4.761905e-02 0.063361
  74  3.7000 +0.4455   2 3.744036e-01 1.993274e-02 4.761905e-02 4.761905e-02 0.066116
  75  3.7500 +0.4619   2 3.955436e-01 2.273073e-02 4.761905e-02 4.761905e-02 0.070707
  76  3.8000 +0.4755   2 4.315791e-01 2.627386e-02 4.761905e-02 4.761905e-02 0.073462
  77  3.8500 +0.4862   2 4.730647e-01 2.899064e-02 4.761905e-02 4.761905e-02 0.074380
  78  3.9000 +0.4938   2 5.840708e-01 3.086874e-02 4.761905e-02 4.761905e-02 0.076217
  79  3.9500 +0.4985   2 7.184744e-01 3.304072e-02 4.761905e-02 4.761905e-02 0.078053
  80  4.0000 +0.5000   1 8.415262e-01 3.563992e-02 4.761905e-02 4.761905e-02 0.079890
  81  4.0500 +0.4985   1 9.533493e-01 3.793225e-02 4.761905e-02 4.761905e-02 0.081726
  82  4.1000 +0.4938   1 1.053217e+00 3.948921e-02 4.761905e-02 4.761905e-02 0.082645
  83  4.1500 +0.4862   1 1.140071e+00 4.020824e-02 4.761905e-02 4.761905e-02 0.083563
  84  4.2000 +0.4755   1 1.213117e+00 4.006737e-02 4.761905e-02 4.761905e-02 0.084481
  85  4.2500 +0.4619   1 1.271871e+00 3.915990e-02 4.761905e-02 4.761905e-02 0.085399
  86  4.3000 +0.4455   1 1.316771e+00 3.757823e-02 4.761905e-02 4.761905e-02 0.086318
  87  4.3500 +0.4263   1 1.349131e+00 3.539966e-02 4.761905e-02 4.761905e-02 0.087236
  88  4.4000 +0.4045   1 1.370124e+00 3.285341e-02 4.761905e-02 4.761905e-02 0.087236
  89  4.4500 +0.3802   1 1.381688e+00 2.987292e-02 4.761905e-02 4.761905e-02 0.088154
  90  4.5000 +0.3536   1 1.385445e+00 2.665118e-02 4.761905e-02 4.761905e-02 0.089073
  91  4.5500 +0.3247   1 1.382296e+00 2.337914e-02 4.761905e-02 4.761905e-02 0.089073
  92  4.6000 +0.2939   2 1.372141e+00 2.159990e-02 4.761905e-02 4.761905e-02 0.089073
  93  4.6500 +0.2612   2 1.374535e+00 1.971803e-02 4.761905e-02 4.761905e-02 0.089073
  94  4.7000 +0.2270   2 1.374497e+00 1.752954e-02 4.761905e-02 4.761905e-02 0.089073
  95  4.7500 +0.1913   2 1.364351e+00 1.507480e-02 4.761905e-02 4.761905e-02 0.089073
  96  4.8000 +0.1545   2 1.344979e+00 1.345850e-02 4.761905e-02 4.761905e-02 0.088154
  97  4.8500 +0.1167   2 1.316832e+00 1.257074e-02 4.761905e-02 4.761905e-02 0.087236
  98  4.9000 +0.0782   2 1.279979e+00 1.135724e-02 4.761905e-02 4.761905e-02 0.083563
  99  4.9500 +0.0392   3 1.234457e+00 9.847635e-03 4.761905e-02 4.761905e-02 0.081726
 100  5.0000 +0.0000   4 1.180867e+00 8.174842e-03 4.761905e-02 4.761905e-02 0.081726
 101  5.0500 -0.0392   3 1.121993e+00 7.089902e-03 4.761905e-02 4.761905e-02 0.081726
 102  5.1000 -0.0782   2 1.057147e+00 5.653767e-03 4.761905e-02 4.761905e-02 0.072544
 103  5.1500 -0.1167   2 9.940730e-01 4.382670e-03 4.761905e-02 4.761905e-02 0.052342
 104  5.2000 -0.1545   2 9.303331e-01 3.324117e-03 4.761905e-02 4.761905e-02 0.008264
 105  5.2500 -0.1913   2 8.658411e-01 3.050051e-03 4.761905e-02 4.761905e-02 0.000000
 106  5.3000 -0.2270   1 8.021436e-01 2.901006e-03 4.761905e-02 4.761905e-02 0.000000
 107  5.3500 -0.2612   1 7.385250e-01 2.729579e-03 4.761905e-02 4.761905e-02 0.003673
 108  5.4000 -0.2939   1 6.750714e-01 2.582042e-03 4.761905e-02 4.761905e-02 0.022039
 109  5.4500 -0.3247   2 6.120557e-01 2.414441e-03 4.761905e-02 4.761905e-02 0.035813
 110  5.5000 -0.3536   3 5.468666e-01 4.022649e-03 4.761905e-02 4.761905e-02 0.048669
 111  5.5500 -0.3802   3 4.708671e-01 9.499225e-03 4.761905e-02 4.761905e-02 0.056015
 112  5.6000 -0.4045   2 3.833886e-01 1.451815e-02 4.761905e-02 4.761905e-02 0.057851
 113  5.6500 -0.4263   2 3.546623e-01 1.814507e-02 4.761905e-02 4.761905e-02 0.063361
 114  5.7000 -0.4455   2 3.581634e-01 2.092630e-02 4.761905e-02 4.761905e-02 0.066116
 115  5.7500 -0.4619   2 4.082305e-01 2.370139e-02 4.761905e-02 4.761905e-02 0.070707
 116  5.8000 -0.4755   2 4.439159e-01 2.587069e-02 4.761905e-02 4.761905e-02 0.073462
 117  5.8500 -0.4862   2 4.856736e-01 2.868061e-02 4.761905e-02 4.761905e-02 0.074380
 118  5.9000 -0.4938   2 5.993212e-01 3.289838e-02 4.761905e-02 4.761905e-02 0.076217
 119  5.9500 -0.4985   1 7.172544e-01 3.595465e-02 4.761905e-02 4.761905e-02 0.078972
 120  6.0000 -0.5000   1 8.242956e-01 3.760791e-02 4.761905e-02 4.761905e-02 0.080808
