# Phase G v5 custom constitutive (use_yield_lagged_alpha=False): v5_const_alpha
# columns: step, t, V_top, snes, sigma_eq_max, u_y_max, eta_lag_min, eta_lag_max, yielded_fraction
   1  0.0500 +0.4985   1 4.128560e-02 1.648464e-05 4.761905e-02 4.761905e-02 0.000000
   2  0.1000 +0.4938   1 8.039679e-02 1.799421e-04 4.761905e-02 4.761905e-02 0.046832
   3  0.1500 +0.4862   4 1.508736e-01 9.628300e-03 4.761905e-02 4.761905e-02 0.059688
   4  0.2000 +0.4755   2 2.385886e-01 1.853007e-02 4.761905e-02 4.761905e-02 0.067034
   5  0.2500 +0.4619   2 3.498054e-01 2.102042e-02 4.761905e-02 4.761905e-02 0.073462
   6  0.3000 +0.4455   2 4.771461e-01 2.303762e-02 4.761905e-02 4.761905e-02 0.074380
   7  0.3500 +0.4263   2 5.950017e-01 2.426975e-02 4.761905e-02 4.761905e-02 0.074380
   8  0.4000 +0.4045   2 6.996054e-01 2.398939e-02 4.761905e-02 4.761905e-02 0.076217
   9  0.4500 +0.3802   1 7.863096e-01 2.276307e-02 4.761905e-02 4.761905e-02 0.079890
  10  0.5000 +0.3536   1 8.538959e-01 2.122746e-02 4.761905e-02 4.761905e-02 0.081726
  11  0.5500 +0.3247   1 9.033010e-01 1.988387e-02 4.761905e-02 4.761905e-02 0.081726
  12  0.6000 +0.2939   2 9.358608e-01 1.831875e-02 4.761905e-02 4.761905e-02 0.081726
  13  0.6500 +0.2612   2 9.530138e-01 1.684462e-02 4.761905e-02 4.761905e-02 0.081726
  14  0.7000 +0.2270   2 9.559864e-01 1.500645e-02 4.761905e-02 4.761905e-02 0.081726
  15  0.7500 +0.1913   2 9.459222e-01 1.284974e-02 4.761905e-02 4.761905e-02 0.081726
  16  0.8000 +0.1545   2 9.237289e-01 1.050042e-02 4.761905e-02 4.761905e-02 0.081726
  17  0.8500 +0.1167   2 8.905557e-01 9.140001e-03 4.761905e-02 4.761905e-02 0.081726
  18  0.9000 +0.0782   2 8.482643e-01 8.453874e-03 4.761905e-02 4.761905e-02 0.081726
  19  0.9500 +0.0392   3 7.993903e-01 7.478330e-03 4.761905e-02 4.761905e-02 0.081726
  20  1.0000 -0.0000   4 7.624680e-01 6.255655e-03 4.761905e-02 4.761905e-02 0.074380
  21  1.0500 -0.0392   3 7.276438e-01 5.072825e-03 4.761905e-02 4.761905e-02 0.074380
  22  1.1000 -0.0782   2 6.876546e-01 3.950704e-03 4.761905e-02 4.761905e-02 0.072544
  23  1.1500 -0.1167   2 6.457887e-01 2.952393e-03 4.761905e-02 4.761905e-02 0.056015
  24  1.2000 -0.1545   2 6.020355e-01 2.375673e-03 4.761905e-02 4.761905e-02 0.009183
  25  1.2500 -0.1913   1 5.573389e-01 2.238167e-03 4.761905e-02 4.761905e-02 0.000000
  26  1.3000 -0.2270   1 5.123850e-01 2.137852e-03 4.761905e-02 4.761905e-02 0.000000
  27  1.3500 -0.2612   1 4.660463e-01 2.035480e-03 4.761905e-02 4.761905e-02 0.000918
  28  1.4000 -0.2939   1 4.190598e-01 1.885789e-03 4.761905e-02 4.761905e-02 0.021120
  29  1.4500 -0.3247   1 3.716228e-01 1.679661e-03 4.761905e-02 4.761905e-02 0.033058
  30  1.5000 -0.3536   3 3.218897e-01 3.218733e-03 4.761905e-02 4.761905e-02 0.048669
  31  1.5500 -0.3802   3 2.622284e-01 8.984311e-03 4.761905e-02 4.761905e-02 0.056015
  32  1.6000 -0.4045   2 2.458099e-01 1.387990e-02 4.761905e-02 4.761905e-02 0.056015
  33  1.6500 -0.4263   2 2.607760e-01 1.798834e-02 4.761905e-02 4.761905e-02 0.063361
  34  1.7000 -0.4455   2 3.177682e-01 2.084884e-02 4.761905e-02 4.761905e-02 0.066116
  35  1.7500 -0.4619   2 3.691954e-01 2.389424e-02 4.761905e-02 4.761905e-02 0.071625
  36  1.8000 -0.4755   2 4.242237e-01 2.623200e-02 4.761905e-02 4.761905e-02 0.074380
  37  1.8500 -0.4862   2 5.117914e-01 2.790092e-02 4.761905e-02 4.761905e-02 0.074380
  38  1.9000 -0.4938   2 6.422596e-01 3.214507e-02 4.761905e-02 4.761905e-02 0.077135
  39  1.9500 -0.4985   2 7.594328e-01 3.538980e-02 4.761905e-02 4.761905e-02 0.079890
  40  2.0000 -0.5000   1 8.647084e-01 3.722462e-02 4.761905e-02 4.761905e-02 0.081726
  41  2.0500 -0.4985   1 9.594255e-01 3.777878e-02 4.761905e-02 4.761905e-02 0.082645
  42  2.1000 -0.4938   1 1.044473e+00 3.736560e-02 4.761905e-02 4.761905e-02 0.083563
  43  2.1500 -0.4862   1 1.120406e+00 3.623396e-02 4.761905e-02 4.761905e-02 0.083563
  44  2.2000 -0.4755   1 1.201822e+00 3.464742e-02 4.761905e-02 4.761905e-02 0.085399
  45  2.2500 -0.4619   1 1.275126e+00 3.297720e-02 4.761905e-02 4.761905e-02 0.085399
  46  2.3000 -0.4455   1 1.335861e+00 3.269169e-02 4.761905e-02 4.761905e-02 0.087236
  47  2.3500 -0.4263   1 1.384242e+00 3.158895e-02 4.761905e-02 4.761905e-02 0.087236
  48  2.4000 -0.4045   1 1.419527e+00 2.994049e-02 4.761905e-02 4.761905e-02 0.088154
  49  2.4500 -0.3802   2 1.441376e+00 2.771393e-02 4.761905e-02 4.761905e-02 0.088154
  50  2.5000 -0.3536   2 1.449772e+00 2.509269e-02 4.761905e-02 4.761905e-02 0.089991
  51  2.5500 -0.3247   2 1.445195e+00 2.297295e-02 4.761905e-02 4.761905e-02 0.089991
  52  2.6000 -0.2939   2 1.428014e+00 2.097708e-02 4.761905e-02 4.761905e-02 0.089991
  53  2.6500 -0.2612   2 1.398862e+00 1.880401e-02 4.761905e-02 4.761905e-02 0.089073
  54  2.7000 -0.2270   2 1.380187e+00 1.644603e-02 4.761905e-02 4.761905e-02 0.089073
  55  2.7500 -0.1913   2 1.374634e+00 1.482519e-02 4.761905e-02 4.761905e-02 0.089073
  56  2.8000 -0.1545   2 1.360637e+00 1.356359e-02 4.761905e-02 4.761905e-02 0.089073
  57  2.8500 -0.1167   2 1.337890e+00 1.208638e-02 4.761905e-02 4.761905e-02 0.088154
  58  2.9000 -0.0782   2 1.306395e+00 1.043338e-02 4.761905e-02 4.761905e-02 0.084481
  59  2.9500 -0.0392   3 1.266186e+00 8.850303e-03 4.761905e-02 4.761905e-02 0.081726
  60  3.0000 -0.0000   4 1.218529e+00 7.740261e-03 4.761905e-02 4.761905e-02 0.081726
  61  3.0500 +0.0392   4 1.169056e+00 6.767340e-03 4.761905e-02 4.761905e-02 0.079890
  62  3.1000 +0.0782   3 1.110163e+00 5.727543e-03 4.761905e-02 4.761905e-02 0.072544
  63  3.1500 +0.1167   2 1.046377e+00 4.744762e-03 4.761905e-02 4.761905e-02 0.056015
  64  3.2000 +0.1545   2 9.819427e-01 3.926511e-03 4.761905e-02 4.761905e-02 0.016529
  65  3.2500 +0.1913   2 9.166229e-01 3.354125e-03 4.761905e-02 4.761905e-02 0.001837
  66  3.3000 +0.2270   2 8.516750e-01 3.030136e-03 4.761905e-02 4.761905e-02 0.000000
  67  3.3500 +0.2612   1 7.876000e-01 2.829042e-03 4.761905e-02 4.761905e-02 0.001837
  68  3.4000 +0.2939   1 7.237898e-01 2.699263e-03 4.761905e-02 4.761905e-02 0.019284
  69  3.4500 +0.3247   1 6.603526e-01 2.496875e-03 4.761905e-02 4.761905e-02 0.032140
  70  3.5000 +0.3536   2 5.959988e-01 3.241848e-03 4.761905e-02 4.761905e-02 0.048669
  71  3.5500 +0.3802   3 5.234468e-01 8.274288e-03 4.761905e-02 4.761905e-02 0.056015
  72  3.6000 +0.4045   2 4.406107e-01 1.277518e-02 4.761905e-02 4.761905e-02 0.056015
  73  3.6500 +0.4263   2 3.712309e-01 1.664134e-02 4.761905e-02 4.761905e-02 0.063361
  74  3.7000 +0.4455   2 3.742884e-01 1.954303e-02 4.761905e-02 4.761905e-02 0.065197
  75  3.7500 +0.4619   2 3.852250e-01 2.217211e-02 4.761905e-02 4.761905e-02 0.070707
  76  3.8000 +0.4755   2 4.231826e-01 2.586226e-02 4.761905e-02 4.761905e-02 0.073462
  77  3.8500 +0.4862   2 4.611544e-01 2.873057e-02 4.761905e-02 4.761905e-02 0.074380
  78  3.9000 +0.4938   2 5.494576e-01 3.069233e-02 4.761905e-02 4.761905e-02 0.076217
  79  3.9500 +0.4985   2 6.844958e-01 3.275658e-02 4.761905e-02 4.761905e-02 0.076217
  80  4.0000 +0.5000   1 8.078643e-01 3.521171e-02 4.761905e-02 4.761905e-02 0.079890
  81  4.0500 +0.4985   1 9.199125e-01 3.759350e-02 4.761905e-02 4.761905e-02 0.081726
  82  4.1000 +0.4938   1 1.020179e+00 3.921816e-02 4.761905e-02 4.761905e-02 0.082645
  83  4.1500 +0.4862   1 1.107670e+00 4.002338e-02 4.761905e-02 4.761905e-02 0.083563
  84  4.2000 +0.4755   1 1.181625e+00 3.997113e-02 4.761905e-02 4.761905e-02 0.083563
  85  4.2500 +0.4619   1 1.241575e+00 3.912621e-02 4.761905e-02 4.761905e-02 0.085399
  86  4.3000 +0.4455   1 1.287779e+00 3.758962e-02 4.761905e-02 4.761905e-02 0.086318
  87  4.3500 +0.4263   1 1.321178e+00 3.544524e-02 4.761905e-02 4.761905e-02 0.086318
  88  4.4000 +0.4045   1 1.343647e+00 3.281806e-02 4.761905e-02 4.761905e-02 0.087236
  89  4.4500 +0.3802   1 1.356460e+00 2.991293e-02 4.761905e-02 4.761905e-02 0.087236
  90  4.5000 +0.3536   1 1.361294e+00 2.670517e-02 4.761905e-02 4.761905e-02 0.088154
  91  4.5500 +0.3247   1 1.359157e+00 2.344497e-02 4.761905e-02 4.761905e-02 0.088154
  92  4.6000 +0.2939   2 1.350131e+00 2.166965e-02 4.761905e-02 4.761905e-02 0.089073
  93  4.6500 +0.2612   2 1.344918e+00 1.978257e-02 4.761905e-02 4.761905e-02 0.089073
  94  4.7000 +0.2270   2 1.346627e+00 1.759573e-02 4.761905e-02 4.761905e-02 0.089073
  95  4.7500 +0.1913   2 1.338305e+00 1.512774e-02 4.761905e-02 4.761905e-02 0.088154
  96  4.8000 +0.1545   2 1.320916e+00 1.360459e-02 4.761905e-02 4.761905e-02 0.087236
  97  4.8500 +0.1167   2 1.294887e+00 1.273412e-02 4.761905e-02 4.761905e-02 0.086318
  98  4.9000 +0.0782   2 1.260213e+00 1.151224e-02 4.761905e-02 4.761905e-02 0.083563
  99  4.9500 +0.0392   3 1.216919e+00 9.999244e-03 4.761905e-02 4.761905e-02 0.081726
 100  5.0000 +0.0000   4 1.165564e+00 8.319786e-03 4.761905e-02 4.761905e-02 0.081726
 101  5.0500 -0.0392   3 1.108925e+00 7.204458e-03 4.761905e-02 4.761905e-02 0.081726
 102  5.1000 -0.0782   2 1.046235e+00 5.767465e-03 4.761905e-02 4.761905e-02 0.072544
 103  5.1500 -0.1167   2 9.851989e-01 4.491712e-03 4.761905e-02 4.761905e-02 0.056015
 104  5.2000 -0.1545   2 9.234086e-01 3.423423e-03 4.761905e-02 4.761905e-02 0.012856
 105  5.2500 -0.1913   2 8.607117e-01 3.104019e-03 4.761905e-02 4.761905e-02 0.000918
 106  5.3000 -0.2270   1 7.986809e-01 2.958893e-03 4.761905e-02 4.761905e-02 0.000000
 107  5.3500 -0.2612   2 7.367022e-01 2.785273e-03 4.761905e-02 4.761905e-02 0.001837
 108  5.4000 -0.2939   1 6.748723e-01 2.640181e-03 4.761905e-02 4.761905e-02 0.021120
 109  5.4500 -0.3247   1 6.133642e-01 2.468975e-03 4.761905e-02 4.761905e-02 0.033058
 110  5.5000 -0.3536   2 5.504741e-01 3.413650e-03 4.761905e-02 4.761905e-02 0.048669
 111  5.5500 -0.3802   3 4.779557e-01 8.861034e-03 4.761905e-02 4.761905e-02 0.056015
 112  5.6000 -0.4045   2 3.936759e-01 1.385434e-02 4.761905e-02 4.761905e-02 0.056015
 113  5.6500 -0.4263   2 3.513769e-01 1.786567e-02 4.761905e-02 4.761905e-02 0.063361
 114  5.7000 -0.4455   2 3.508351e-01 2.053809e-02 4.761905e-02 4.761905e-02 0.065197
 115  5.7500 -0.4619   2 3.976774e-01 2.338643e-02 4.761905e-02 4.761905e-02 0.068871
 116  5.8000 -0.4755   2 4.353566e-01 2.564811e-02 4.761905e-02 4.761905e-02 0.073462
 117  5.8500 -0.4862   2 4.752775e-01 2.806511e-02 4.761905e-02 4.761905e-02 0.074380
 118  5.9000 -0.4938   2 5.690853e-01 3.238344e-02 4.761905e-02 4.761905e-02 0.076217
 119  5.9500 -0.4985   2 6.877287e-01 3.566571e-02 4.761905e-02 4.761905e-02 0.077135
 120  6.0000 -0.5000   1 7.952122e-01 3.756565e-02 4.761905e-02 4.761905e-02 0.079890
