# Phase F predictor-corrector trace: etd2_pc_picard
# integrator='etd' order=2 apply_radial_return=True in_residual_yield=False
# columns: step, t, V_top, snes_iters_total, picard_iters, sigma_eq_max, sigma_eq_max_after_correction, u_y_max, yielded_fraction
   1  0.0500 +0.4985   6  6 4.128329e-02 4.128329e-02 9.032622e-06 0.000000
   2  0.1000 +0.4938   6  6 8.062246e-02 8.062246e-02 8.778956e-06 0.046832
   3  0.1500 +0.4862   6  6 1.282990e-01 1.282990e-01 4.488153e-04 0.061524
   4  0.2000 +0.4755   6  6 1.806463e-01 1.806463e-01 1.659196e-03 0.071625
   5  0.2500 +0.4619   6  6 2.299833e-01 2.299833e-01 3.567426e-03 0.073462
   6  0.3000 +0.4455   6  6 2.763849e-01 2.763849e-01 6.038144e-03 0.081726
   7  0.3500 +0.4263   6  6 3.231831e-01 3.231831e-01 8.951024e-03 0.081726
   8  0.4000 +0.4045   6  6 3.676827e-01 3.676827e-01 1.271368e-02 0.081726
   9  0.4500 +0.3802   6  6 4.063513e-01 4.063513e-01 2.101424e-02 0.081726
  10  0.5000 +0.3536   6  6 4.385887e-01 4.385887e-01 3.332654e-02 0.082645
  11  0.5500 +0.3247   6  6 4.648292e-01 4.648292e-01 5.096470e-02 0.083563
  12  0.6000 +0.2939   6  6 4.853601e-01 4.853601e-01 7.694427e-02 0.083563
  13  0.6500 +0.2612   6  6 5.006052e-01 5.006052e-01 1.156709e-01 0.083563
  14  0.7000 +0.2270   6  6 5.111314e-01 5.111314e-01 1.678903e-01 0.081726
  15  0.7500 +0.1913   6  6 5.168793e-01 5.168793e-01 2.345889e-01 0.078053
  16  0.8000 +0.1545   6  6 5.186714e-01 5.186714e-01 3.194702e-01 0.075298
  17  0.8500 +0.1167   6  6 5.165864e-01 5.165864e-01 4.280691e-01 0.068871
  18  0.9000 +0.0782   6  6 5.234129e-01 5.234129e-01 5.854402e-01 0.059688
  19  0.9500 +0.0392   6  6 5.867592e-01 5.867592e-01 7.774405e-01 0.053260
  20  1.0000 -0.0000   6  6 6.367049e-01 6.367049e-01 9.775868e-01 0.041322
  21  1.0500 -0.0392   6  6 6.757299e-01 6.757299e-01 1.155523e+00 0.028466
  22  1.1000 -0.0782   6  6 6.955732e-01 6.955732e-01 1.281643e+00 0.011019
  23  1.1500 -0.1167   6  6 7.025940e-01 7.025940e-01 1.366677e+00 0.000000
  24  1.2000 -0.1545   6  6 7.152548e-01 7.152548e-01 1.413835e+00 0.000000
  25  1.2500 -0.1913   6  6 7.402345e-01 7.402345e-01 1.468174e+00 0.001837
  26  1.3000 -0.2270   6  6 7.759602e-01 7.759602e-01 1.538369e+00 0.004591
  27  1.3500 -0.2612   6  6 8.198429e-01 8.198429e-01 1.592886e+00 0.008264
  28  1.4000 -0.2939   6  6 8.827329e-01 8.827329e-01 1.635576e+00 0.025712
  29  1.4500 -0.3247   6  6 9.305599e-01 9.305599e-01 1.671694e+00 0.036731
  30  1.5000 -0.3536   6  6 9.176821e-01 9.176821e-01 1.689775e+00 0.045914
  31  1.5500 -0.3802   6  6 1.097916e+00 1.097916e+00 1.674682e+00 0.048669
  32  1.6000 -0.4045   6  6 1.214428e+00 1.214428e+00 1.637503e+00 0.049587
  33  1.6500 -0.4263   6  6 1.339736e+00 1.339736e+00 1.619010e+00 0.054178
  34  1.7000 -0.4455   6  6 1.569842e+00 1.569842e+00 1.712545e+00 0.053260
  35  1.7500 -0.4619   6  6 1.768136e+00 1.768136e+00 2.102587e+00 0.061524
  36  1.8000 -0.4755   6  6 2.032997e+00 2.032997e+00 2.454732e+00 0.062443
  37  1.8500 -0.4862   6  6 2.176244e+00 2.176244e+00 2.849964e+00 0.061524
  38  1.9000 -0.4938   6  6 2.602614e+00 2.602614e+00 3.596606e+00 0.059688
  39  1.9500 -0.4985   6  6 2.625967e+00 2.625967e+00 4.030853e+00 0.049587
  40  2.0000 -0.5000   6  6 2.560084e+00 2.560084e+00 3.803991e+00 0.049587
  41  2.0500 -0.4985   6  6 2.421060e+00 2.421060e+00 4.127847e+00 0.032140
  42  2.1000 -0.4938   6  6 2.439370e+00 2.439370e+00 4.099199e+00 0.034894
  43  2.1500 -0.4862   6  6 2.701228e+00 2.701228e+00 4.153585e+00 0.032140
  44  2.2000 -0.4755   6  6 2.955110e+00 2.955110e+00 4.392278e+00 0.021120
  45  2.2500 -0.4619   6  6 3.186634e+00 3.186634e+00 4.594595e+00 0.011019
  46  2.3000 -0.4455   6  6 3.102073e+00 3.102073e+00 4.461982e+00 0.015611
  47  2.3500 -0.4263   6  6 2.950377e+00 2.950377e+00 4.048292e+00 0.015611
  48  2.4000 -0.4045   6  6 2.916105e+00 2.916105e+00 4.480963e+00 0.015611
  49  2.4500 -0.3802   6  6 2.552756e+00 2.552756e+00 4.639798e+00 0.012856
  50  2.5000 -0.3536   6  6 2.372077e+00 2.372077e+00 4.676110e+00 0.013774
  51  2.5500 -0.3247   6  6 2.319044e+00 2.319044e+00 5.137358e+00 0.012856
  52  2.6000 -0.2939   6  6 2.363969e+00 2.363969e+00 5.114993e+00 0.013774
  53  2.6500 -0.2612   6  6 2.210504e+00 2.210504e+00 5.205307e+00 0.012856
  54  2.7000 -0.2270   6  6 2.292182e+00 2.292182e+00 5.493810e+00 0.016529
  55  2.7500 -0.1913   6  6 2.216241e+00 2.216241e+00 5.507382e+00 0.020202
  56  2.8000 -0.1545   6  6 2.484720e+00 2.484720e+00 5.237860e+00 0.013774
  57  2.8500 -0.1167   6  6 2.584487e+00 2.584487e+00 4.986766e+00 0.018365
  58  2.9000 -0.0782   6  6 2.634986e+00 2.634986e+00 4.819767e+00 0.010101
  59  2.9500 -0.0392   6  6 2.773244e+00 2.773244e+00 5.291063e+00 0.012856
  60  3.0000 -0.0000   6  6 1.821914e+01 1.821914e+01 1.022878e+01 0.000000
