# Phase G v3 minimal lag (use_lag=True): v3_lag_eta
# columns: step, t, V_top, snes, sigma_eq_max, u_y_max, eta_lag_min, eta_lag_max, yielded_fraction
   1  0.0500 +0.4985   1 4.128481e-02 1.648374e-05 1.000000e+00 1.000000e+00 0.000000
   2  0.1000 +0.4938   1 9.083812e-02 4.613557e-03 1.002550e-01 1.000000e+00 0.043159
   3  0.1500 +0.4862  17 1.473623e-01 9.668818e-03 1.000000e-01 1.000000e+00 0.056015
   4  0.2000 +0.4755  22 2.309646e-01 1.915073e-02 1.000000e-01 1.000000e+00 0.062443
   5  0.2500 +0.4619  14 3.355021e-01 2.280007e-02 1.000000e-01 1.000000e+00 0.065197
   6  0.3000 +0.4455  14 4.718949e-01 2.542671e-02 1.000000e-01 1.000000e+00 0.067952
   7  0.3500 +0.4263   9 6.042005e-01 2.670477e-02 1.000000e-01 1.000000e+00 0.070707
   8  0.4000 +0.4045   9 7.175694e-01 2.545924e-02 1.000000e-01 1.000000e+00 0.070707
   9  0.4500 +0.3802  11 8.109953e-01 2.425751e-02 1.000000e-01 1.000000e+00 0.071625
  10  0.5000 +0.3536  11 8.814927e-01 2.266893e-02 1.000000e-01 1.000000e+00 0.072544
  11  0.5500 +0.3247  13 9.315421e-01 2.116541e-02 1.000000e-01 1.000000e+00 0.073462
  12  0.6000 +0.2939   1 9.851756e-01 8.737046e-02 1.000000e-01 1.000000e+00 0.074380
  13  0.6500 +0.2612  19 1.004699e+00 1.648331e-02 1.000000e-01 1.000000e+00 0.076217
  14  0.7000 +0.2270  15 9.864143e-01 1.471923e-02 1.000000e-01 1.000000e+00 0.076217
  15  0.7500 +0.1913   8 9.763897e-01 7.667279e-02 1.000000e-01 1.000000e+00 0.075298
  16  0.8000 +0.1545  25 9.437004e-01 1.115541e-02 1.000000e-01 1.000000e+00 0.075298
  17  0.8500 +0.1167  23 8.973144e-01 1.096090e-02 1.000000e-01 1.000000e+00 0.072544
  18  0.9000 +0.0782  50 8.458284e-01 3.654601e-02 1.000000e-01 1.000000e+00 0.071625
  19  0.9500 +0.0392  22 8.245528e-01 1.122745e-02 1.000000e-01 1.000000e+00 0.071625
  20  1.0000 -0.0000  15 7.920915e-01 6.445808e-03 1.000000e-01 1.000000e+00 0.067034
  21  1.0500 -0.0392   8 7.549947e-01 4.714500e-03 1.000000e-01 1.000000e+00 0.058770
  22  1.1000 -0.0782   6 7.072806e-01 3.524600e-03 1.000000e-01 1.000000e+00 0.043159
  23  1.1500 -0.1167   4 6.561776e-01 2.698862e-03 1.000000e-01 1.000000e+00 0.026630
  24  1.2000 -0.1545   3 6.071163e-01 2.439308e-03 1.000000e-01 1.000000e+00 0.001837
  25  1.2500 -0.1913   3 5.592066e-01 2.556925e-03 1.000000e-01 1.000000e+00 0.000000
  26  1.3000 -0.2270   2 5.106720e-01 2.493307e-03 1.000000e-01 1.000000e+00 0.000000
  27  1.3500 -0.2612   2 4.631292e-01 2.439882e-03 1.000000e-01 1.000000e+00 0.000000
  28  1.4000 -0.2939   1 4.141823e-01 2.298699e-03 1.000000e-01 1.000000e+00 0.004591
  29  1.4500 -0.3247   1 3.625023e-01 2.457626e-03 1.000000e-01 1.000000e+00 0.031221
  30  1.5000 -0.3536   3 3.075302e-01 3.976647e-03 1.000000e-01 1.000000e+00 0.048669
  31  1.5500 -0.3802  18 2.456924e-01 7.742827e-03 1.000000e-01 1.000000e+00 0.056015
  32  1.6000 -0.4045  22 2.418352e-01 1.614056e-02 1.000000e-01 1.000000e+00 0.057851
  33  1.6500 -0.4263  17 2.643427e-01 3.579587e-02 1.000000e-01 1.000000e+00 0.063361
  34  1.7000 -0.4455  20 3.408961e-01 2.653772e-02 1.000000e-01 1.000000e+00 0.064279
  35  1.7500 -0.4619  14 4.155234e-01 3.764968e-02 1.000000e-01 1.000000e+00 0.066116
  36  1.8000 -0.4755  10 4.602419e-01 3.689555e-02 1.000000e-01 1.000000e+00 0.070707
  37  1.8500 -0.4862  12 5.172481e-01 2.639021e-02 1.000000e-01 1.000000e+00 0.071625
  38  1.9000 -0.4938  14 6.431440e-01 4.290466e-02 1.000000e-01 1.000000e+00 0.073462
  39  1.9500 -0.4985  17 7.593039e-01 3.500594e-02 1.000000e-01 1.000000e+00 0.075298
  40  2.0000 -0.5000  16 9.590303e-01 7.061819e-02 1.000000e-01 1.000000e+00 0.077135
  41  2.0500 -0.4985  13 9.577137e-01 3.583562e-02 1.000000e-01 1.000000e+00 0.079890
  42  2.1000 -0.4938  14 1.043893e+00 5.036076e-02 1.000000e-01 1.000000e+00 0.080808
  43  2.1500 -0.4862  15 1.113556e+00 6.183784e-02 1.000000e-01 1.000000e+00 0.080808
  44  2.2000 -0.4755  13 1.180267e+00 3.743654e-02 1.000000e-01 1.000000e+00 0.081726
  45  2.2500 -0.4619  17 1.554101e+00 1.135696e-01 1.000000e-01 1.000000e+00 0.080808
  46  2.3000 -0.4455   1 2.101788e+00 1.135750e-01 1.000000e-01 1.000000e+00 0.080808
  47  2.3500 -0.4263  13 1.964006e+00 7.574690e-01 1.000000e-01 1.000000e+00 0.079890
  48  2.4000 -0.4045  25 1.606329e+00 1.033997e-01 1.000000e-01 1.000000e+00 0.079890
  49  2.4500 -0.3802  22 1.609105e+00 5.095470e-02 1.000000e-01 1.000000e+00 0.078972
  50  2.5000 -0.3536  14 1.543562e+00 3.639723e-02 1.000000e-01 1.000000e+00 0.078972
  51  2.5500 -0.3247  14 1.507264e+00 7.516240e-02 1.000000e-01 1.000000e+00 0.078972
  52  2.6000 -0.2939  19 1.352816e+00 1.362661e-01 1.000000e-01 1.000000e+00 0.078053
  53  2.6500 -0.2612  16 1.358189e+00 2.548934e-02 1.000000e-01 1.000000e+00 0.078053
  54  2.7000 -0.2270  23 1.360658e+00 1.023945e-01 1.000000e-01 1.000000e+00 0.077135
  55  2.7500 -0.1913  21 1.350920e+00 2.013373e-02 1.000000e-01 1.000000e+00 0.076217
  56  2.8000 -0.1545  20 1.332495e+00 1.669581e-02 1.000000e-01 1.000000e+00 0.076217
  57  2.8500 -0.1167  24 1.305252e+00 1.415889e-02 1.000000e-01 1.000000e+00 0.075298
  58  2.9000 -0.0782  24 1.273024e+00 9.842677e-03 1.000000e-01 1.000000e+00 0.073462
  59  2.9500 -0.0392  19 1.241110e+00 8.242765e-03 1.000000e-01 1.000000e+00 0.068871
  60  3.0000 -0.0000  15 1.201227e+00 7.371571e-03 1.000000e-01 1.000000e+00 0.064279
  61  3.0500 +0.0392   9 1.156346e+00 6.170294e-03 1.000000e-01 1.000000e+00 0.053260
  62  3.1000 +0.0782   6 1.100413e+00 5.077125e-03 1.000000e-01 1.000000e+00 0.036731
  63  3.1500 +0.1167   5 1.037567e+00 4.254145e-03 1.000000e-01 1.000000e+00 0.023875
  64  3.2000 +0.1545   4 9.747470e-01 3.428721e-03 1.000000e-01 1.000000e+00 0.007346
  65  3.2500 +0.1913   3 9.130934e-01 3.135286e-03 1.000000e-01 1.000000e+00 0.000000
  66  3.3000 +0.2270   3 8.514507e-01 2.842665e-03 1.000000e-01 1.000000e+00 0.000000
  67  3.3500 +0.2612   2 7.890675e-01 2.728255e-03 1.000000e-01 1.000000e+00 0.000000
  68  3.4000 +0.2939   2 7.249219e-01 2.660887e-03 1.000000e-01 1.000000e+00 0.006428
  69  3.4500 +0.3247   1 6.589041e-01 2.618470e-03 1.000000e-01 1.000000e+00 0.032140
  70  3.5000 +0.3536   3 5.905912e-01 3.460872e-03 1.000000e-01 1.000000e+00 0.048669
  71  3.5500 +0.3802  18 5.165854e-01 6.750426e-03 1.000000e-01 1.000000e+00 0.056015
  72  3.6000 +0.4045  22 4.297144e-01 1.323785e-02 1.000000e-01 1.000000e+00 0.058770
  73  3.6500 +0.4263  16 3.395548e-01 1.778301e-02 1.000000e-01 1.000000e+00 0.063361
  74  3.7000 +0.4455  18 3.390994e-01 2.081391e-02 1.000000e-01 1.000000e+00 0.064279
  75  3.7500 +0.4619  15 3.771512e-01 2.402419e-02 1.000000e-01 1.000000e+00 0.066116
  76  3.8000 +0.4755  12 4.526103e-01 2.946856e-02 1.000000e-01 1.000000e+00 0.070707
  77  3.8500 +0.4862  10 4.684812e-01 2.904136e-02 1.000000e-01 1.000000e+00 0.070707
  78  3.9000 +0.4938   9 6.160134e-01 3.079458e-02 1.000000e-01 1.000000e+00 0.073462
  79  3.9500 +0.4985   9 8.303798e-01 4.078350e-02 1.000000e-01 1.000000e+00 0.074380
  80  4.0000 +0.5000  31 2.081529e+00 3.403256e-01 1.000000e-01 1.000000e+00 0.075298
  81  4.0500 +0.4985  50 1.438886e+00 6.872817e-02 1.000000e-01 1.000000e+00 0.078053
  82  4.1000 +0.4938   1 1.445837e+00 6.874393e-02 1.000000e-01 1.000000e+00 0.078053
  83  4.1500 +0.4862   4 1.989660e+00 1.907168e-01 1.000000e-01 1.000000e+00 0.080808
  84  4.2000 +0.4755  23 2.008380e+00 4.494122e-02 1.000000e-01 1.000000e+00 0.081726
  85  4.2500 +0.4619   2 1.988072e+00 4.860753e-02 1.000000e-01 1.000000e+00 0.080808
  86  4.3000 +0.4455  13 1.846292e+00 5.532901e-02 1.000000e-01 1.000000e+00 0.081726
  87  4.3500 +0.4263   1 1.743854e+00 5.178379e-02 1.000000e-01 1.000000e+00 0.080808
  88  4.4000 +0.4045  19 1.655122e+00 3.830724e-02 1.000000e-01 1.000000e+00 0.080808
  89  4.4500 +0.3802   2 2.008259e+00 1.938114e-01 1.000000e-01 1.000000e+00 0.080808
  90  4.5000 +0.3536  20 1.911666e+00 3.081198e-02 1.000000e-01 1.000000e+00 0.080808
  91  4.5500 +0.3247  13 1.525539e+00 4.051483e-02 1.000000e-01 1.000000e+00 0.079890
  92  4.6000 +0.2939  24 1.356527e+00 3.395697e-02 1.000000e-01 1.000000e+00 0.080808
  93  4.6500 +0.2612  24 1.383424e+00 1.451746e-01 1.000000e-01 1.000000e+00 0.080808
  94  4.7000 +0.2270  18 1.375672e+00 8.623595e-02 1.000000e-01 1.000000e+00 0.079890
  95  4.7500 +0.1913   3 1.392978e+00 3.512344e-01 1.000000e-01 1.000000e+00 0.078053
  96  4.8000 +0.1545  25 1.349318e+00 3.000186e-02 1.000000e-01 1.000000e+00 0.077135
  97  4.8500 +0.1167   2 1.322169e+00 4.847077e-02 1.000000e-01 1.000000e+00 0.075298
  98  4.9000 +0.0782  25 1.281383e+00 1.097626e-02 1.000000e-01 1.000000e+00 0.072544
  99  4.9500 +0.0392  17 1.233398e+00 8.196613e-03 1.000000e-01 1.000000e+00 0.066116
 100  5.0000 +0.0000  13 1.178255e+00 7.598394e-03 1.000000e-01 1.000000e+00 0.058770
 101  5.0500 -0.0392   7 1.120042e+00 7.241627e-03 1.000000e-01 1.000000e+00 0.050505
 102  5.1000 -0.0782   6 1.050097e+00 5.258433e-03 1.000000e-01 1.000000e+00 0.037649
 103  5.1500 -0.1167   5 9.772309e-01 4.024214e-03 1.000000e-01 1.000000e+00 0.022039
 104  5.2000 -0.1545   4 9.055175e-01 3.463933e-03 1.000000e-01 1.000000e+00 0.000918
 105  5.2500 -0.1913   3 8.447465e-01 3.397055e-03 1.000000e-01 1.000000e+00 0.000000
 106  5.3000 -0.2270   3 7.837002e-01 3.357284e-03 1.000000e-01 1.000000e+00 0.000000
 107  5.3500 -0.2612   2 7.208321e-01 3.219419e-03 1.000000e-01 1.000000e+00 0.000000
 108  5.4000 -0.2939   2 6.565235e-01 3.088189e-03 1.000000e-01 1.000000e+00 0.009183
 109  5.4500 -0.3247   2 5.901756e-01 2.899012e-03 1.000000e-01 1.000000e+00 0.034894
 110  5.5000 -0.3536   4 5.210895e-01 4.391524e-03 1.000000e-01 1.000000e+00 0.050505
 111  5.5500 -0.3802  20 4.445057e-01 8.775389e-03 1.000000e-01 1.000000e+00 0.056015
 112  5.6000 -0.4045  22 3.533964e-01 1.649502e-02 1.000000e-01 1.000000e+00 0.058770
 113  5.6500 -0.4263  16 3.368267e-01 3.999184e-02 1.000000e-01 1.000000e+00 0.062443
 114  5.7000 -0.4455  19 3.777132e-01 2.594783e-02 1.000000e-01 1.000000e+00 0.064279
 115  5.7500 -0.4619  14 4.579248e-01 4.075190e-02 1.000000e-01 1.000000e+00 0.066116
 116  5.8000 -0.4755  12 4.729215e-01 2.549181e-02 1.000000e-01 1.000000e+00 0.070707
 117  5.8500 -0.4862  12 5.170095e-01 3.866701e-02 1.000000e-01 1.000000e+00 0.071625
 118  5.9000 -0.4938  12 5.945587e-01 2.862095e-02 1.000000e-01 1.000000e+00 0.073462
 119  5.9500 -0.4985   8 7.123496e-01 3.081767e-02 1.000000e-01 1.000000e+00 0.074380
 120  6.0000 -0.5000   1 8.958527e-01 5.208637e-02 1.000000e-01 1.000000e+00 0.077135
