# Phase G v5 custom constitutive (use_yield_lagged_alpha=False): v5b_etd2
# columns: step, t, V_top, snes, sigma_eq_max, u_y_max, eta_lag_min, eta_lag_max, yielded_fraction
   1  0.0500 +0.4985   1 2.131805e-02 1.648328e-05 4.761905e-02 4.761905e-02 0.000000
   2  0.1000 +0.4938   1 6.238113e-02 1.069146e-04 4.761905e-02 4.761905e-02 0.033976
   3  0.1500 +0.4862   3 1.113549e-01 6.528465e-03 4.761905e-02 4.761905e-02 0.056015
   4  0.2000 +0.4755   3 2.021243e-01 2.631519e-02 4.761905e-02 4.761905e-02 0.063361
   5  0.2500 +0.4619   3 2.968913e-01 2.390900e-02 4.761905e-02 4.761905e-02 0.072544
   6  0.3000 +0.4455   3 4.261664e-01 3.453632e-02 4.761905e-02 4.761905e-02 0.074380
   7  0.3500 +0.4263   3 5.472600e-01 3.061036e-02 4.761905e-02 4.761905e-02 0.074380
   8  0.4000 +0.4045   3 6.526790e-01 3.540975e-02 4.761905e-02 4.761905e-02 0.076217
   9  0.4500 +0.3802   3 7.453208e-01 3.186503e-02 4.761905e-02 4.761905e-02 0.079890
  10  0.5000 +0.3536   3 8.130901e-01 3.380417e-02 4.761905e-02 4.761905e-02 0.080808
  11  0.5500 +0.3247   4 8.683237e-01 3.018785e-02 4.761905e-02 4.761905e-02 0.081726
  12  0.6000 +0.2939   3 9.023553e-01 3.100039e-02 4.761905e-02 4.761905e-02 0.081726
  13  0.6500 +0.2612   4 9.255445e-01 2.568787e-02 4.761905e-02 4.761905e-02 0.081726
  14  0.7000 +0.2270   3 9.355678e-01 2.659687e-02 4.761905e-02 4.761905e-02 0.081726
  15  0.7500 +0.1913   4 9.293097e-01 2.478102e-02 4.761905e-02 4.761905e-02 0.081726
  16  0.8000 +0.1545   4 9.212845e-01 2.180151e-02 4.761905e-02 4.761905e-02 0.081726
  17  0.8500 +0.1167   4 9.126433e-01 2.930021e-02 4.761905e-02 4.761905e-02 0.081726
  18  0.9000 +0.0782   4 8.913056e-01 2.514919e-02 4.761905e-02 4.761905e-02 0.081726
  19  0.9500 +0.0392   5 8.785390e-01 3.320936e-02 4.761905e-02 4.761905e-02 0.081726
  20  1.0000 -0.0000   4 8.313510e-01 2.943986e-02 4.761905e-02 4.761905e-02 0.078053
  21  1.0500 -0.0392   4 8.018934e-01 3.603654e-02 4.761905e-02 4.761905e-02 0.074380
  22  1.1000 -0.0782   3 7.467781e-01 3.397988e-02 4.761905e-02 4.761905e-02 0.073462
  23  1.1500 -0.1167   7 7.046310e-01 3.779337e-02 4.761905e-02 4.761905e-02 0.063361
  24  1.2000 -0.1545   3 6.521138e-01 3.985083e-02 4.761905e-02 4.761905e-02 0.022957
  25  1.2500 -0.1913   3 5.998702e-01 4.202739e-02 4.761905e-02 4.761905e-02 0.000918
  26  1.3000 -0.2270   3 5.524004e-01 4.475582e-02 4.761905e-02 4.761905e-02 0.000000
  27  1.3500 -0.2612   3 4.963547e-01 4.685525e-02 4.761905e-02 4.761905e-02 0.000000
  28  1.4000 -0.2939   3 4.514838e-01 4.978564e-02 4.761905e-02 4.761905e-02 0.013774
  29  1.4500 -0.3247   3 3.933229e-01 5.227336e-02 4.761905e-02 4.761905e-02 0.026630
  30  1.5000 -0.3536   3 3.495918e-01 5.412122e-02 4.761905e-02 4.761905e-02 0.044077
  31  1.5500 -0.3802   4 2.844847e-01 6.394236e-02 4.761905e-02 4.761905e-02 0.054178
  32  1.6000 -0.4045   4 2.347147e-01 5.584931e-02 4.761905e-02 4.761905e-02 0.056015
  33  1.6500 -0.4263   4 2.537664e-01 6.860173e-02 4.761905e-02 4.761905e-02 0.063361
  34  1.7000 -0.4455   3 3.035566e-01 6.474081e-02 4.761905e-02 4.761905e-02 0.066116
  35  1.7500 -0.4619   4 3.574867e-01 6.584979e-02 4.761905e-02 4.761905e-02 0.071625
  36  1.8000 -0.4755   4 4.046979e-01 7.032797e-02 4.761905e-02 4.761905e-02 0.074380
  37  1.8500 -0.4862   4 4.815961e-01 6.870341e-02 4.761905e-02 4.761905e-02 0.074380
  38  1.9000 -0.4938   3 5.989660e-01 8.481507e-02 4.761905e-02 4.761905e-02 0.076217
  39  1.9500 -0.4985   6 7.105036e-01 8.322929e-02 4.761905e-02 4.761905e-02 0.078972
  40  2.0000 -0.5000   4 8.269661e-01 9.858577e-02 4.761905e-02 4.761905e-02 0.080808
  41  2.0500 -0.4985   6 9.099861e-01 9.484227e-02 4.761905e-02 4.761905e-02 0.081726
  42  2.1000 -0.4938   5 1.009697e+00 1.071262e-01 4.761905e-02 4.761905e-02 0.083563
  43  2.1500 -0.4862   6 1.089926e+00 1.011905e-01 4.761905e-02 4.761905e-02 0.083563
  44  2.2000 -0.4755   7 1.181556e+00 1.152913e-01 4.761905e-02 4.761905e-02 0.083563
  45  2.2500 -0.4619   6 1.238704e+00 1.106523e-01 4.761905e-02 4.761905e-02 0.085399
  46  2.3000 -0.4455   6 1.298172e+00 1.296574e-01 4.761905e-02 4.761905e-02 0.086318
  47  2.3500 -0.4263   7 1.341229e+00 1.317230e-01 4.761905e-02 4.761905e-02 0.087236
  48  2.4000 -0.4045   9 1.375683e+00 1.555681e-01 4.761905e-02 4.761905e-02 0.088154
  49  2.4500 -0.3802  12 1.409580e+00 1.525843e-01 4.761905e-02 4.761905e-02 0.088154
  50  2.5000 -0.3536  19 1.415056e+00 1.774229e-01 4.761905e-02 4.761905e-02 0.089073
  51  2.5500 -0.3247  13 1.462954e+00 1.806033e-01 4.761905e-02 4.761905e-02 0.089073
  52  2.6000 -0.2939  27 1.438412e+00 1.879581e-01 4.761905e-02 4.761905e-02 0.089991
  53  2.6500 -0.2612  31 1.466019e+00 2.109960e-01 4.761905e-02 4.761905e-02 0.088154
  54  2.7000 -0.2270  32 1.435195e+00 2.204234e-01 4.761905e-02 4.761905e-02 0.089073
  55  2.7500 -0.1913  50 1.373074e+00 1.424815e+00 4.761905e-02 4.761905e-02 0.086318
