# Phase F predictor-corrector trace: etd2_pc1
# integrator='etd' order=2 apply_radial_return=True in_residual_yield=False
# columns: step, t, V_top, snes_iters_total, picard_iters, sigma_eq_max, sigma_eq_max_after_correction, u_y_max, yielded_fraction
   1  0.0500 +0.4985   1  1 2.131127e-02 2.131127e-02 9.914503e-06 0.000000
   2  0.1000 +0.4938   1  1 6.239662e-02 6.239662e-02 2.606727e-05 0.033976
   3  0.1500 +0.4862   1  1 1.049722e-01 1.049722e-01 1.715476e-03 0.056933
   4  0.2000 +0.4755   1  1 1.573794e-01 1.573794e-01 1.068129e-02 0.067034
   5  0.2500 +0.4619   1  1 2.099182e-01 2.099182e-01 1.096408e-02 0.072544
   6  0.3000 +0.4455   1  1 2.570379e-01 2.570379e-01 1.714362e-02 0.078972
   7  0.3500 +0.4263   1  1 3.056119e-01 3.056119e-01 1.463398e-02 0.081726
   8  0.4000 +0.4045   1  1 3.528050e-01 3.528050e-01 1.893268e-02 0.081726
   9  0.4500 +0.3802   1  1 3.950287e-01 3.950287e-01 1.531541e-02 0.081726
  10  0.5000 +0.3536   1  1 4.303910e-01 4.303910e-01 1.860162e-02 0.081726
  11  0.5500 +0.3247   1  1 4.596525e-01 4.596525e-01 1.503352e-02 0.083563
  12  0.6000 +0.2939   1  1 4.823697e-01 4.823697e-01 1.744548e-02 0.083563
  13  0.6500 +0.2612   1  1 4.997832e-01 4.997832e-01 1.443183e-02 0.083563
  14  0.7000 +0.2270   1  1 5.114560e-01 5.114560e-01 1.609903e-02 0.081726
  15  0.7500 +0.1913   1  1 5.187145e-01 5.187145e-01 1.290046e-02 0.078972
  16  0.8000 +0.1545   1  1 5.207510e-01 5.207510e-01 1.444387e-02 0.076217
  17  0.8500 +0.1167   1  1 5.186851e-01 5.186851e-01 1.077858e-02 0.074380
  18  0.9000 +0.0782   1  1 5.115076e-01 5.115076e-01 1.346888e-02 0.070707
  19  0.9500 +0.0392   1  1 5.015462e-01 5.015462e-01 9.097274e-03 0.065197
  20  1.0000 -0.0000   1  1 4.867079e-01 4.867079e-01 1.245325e-02 0.062443
  21  1.0500 -0.0392   1  1 4.675201e-01 4.675201e-01 1.021491e-02 0.052342
  22  1.1000 -0.0782   1  1 4.434251e-01 4.434251e-01 1.038060e-02 0.038567
  23  1.1500 -0.1167   1  1 4.164446e-01 4.164446e-01 1.173302e-02 0.006428
  24  1.2000 -0.1545   1  1 3.849434e-01 3.849434e-01 1.269477e-02 0.000000
  25  1.2500 -0.1913   1  1 3.531562e-01 3.531562e-01 1.352314e-02 0.000000
  26  1.3000 -0.2270   1  1 3.179293e-01 3.179293e-01 1.607292e-02 0.000918
  27  1.3500 -0.2612   1  1 2.833158e-01 2.833158e-01 1.672074e-02 0.003673
  28  1.4000 -0.2939   1  1 2.450061e-01 2.450061e-01 1.905884e-02 0.016529
  29  1.4500 -0.3247   1  1 2.071696e-01 2.071696e-01 2.134301e-02 0.039486
  30  1.5000 -0.3536   1  1 1.635172e-01 1.635172e-01 2.036617e-02 0.050505
  31  1.5500 -0.3802   1  1 1.178158e-01 1.178158e-01 2.706291e-02 0.059688
  32  1.6000 -0.4045   1  1 1.280774e-01 1.280774e-01 2.330717e-02 0.064279
  33  1.6500 -0.4263   1  1 1.517607e-01 1.517607e-01 3.185378e-02 0.068871
  34  1.7000 -0.4455   1  1 1.598838e-01 1.598838e-01 2.657179e-02 0.072544
  35  1.7500 -0.4619   1  1 2.045166e-01 2.045166e-01 3.583165e-02 0.076217
  36  1.8000 -0.4755   1  1 2.435566e-01 2.435566e-01 2.884058e-02 0.081726
  37  1.8500 -0.4862   1  1 2.918784e-01 2.918784e-01 3.794113e-02 0.081726
  38  1.9000 -0.4938   1  1 3.363541e-01 3.363541e-01 2.983185e-02 0.081726
  39  1.9500 -0.4985   1  1 3.886665e-01 3.886665e-01 3.713012e-02 0.083563
  40  2.0000 -0.5000   1  1 4.241066e-01 4.241066e-01 2.952963e-02 0.086318
  41  2.0500 -0.4985   1  1 4.703930e-01 4.703930e-01 3.455771e-02 0.089073
  42  2.1000 -0.4938   1  1 5.022749e-01 5.022749e-01 2.753084e-02 0.089073
  43  2.1500 -0.4862   1  1 5.534926e-01 5.534926e-01 3.177891e-02 0.089991
  44  2.2000 -0.4755   1  1 5.979954e-01 5.979954e-01 2.425708e-02 0.091827
  45  2.2500 -0.4619   1  1 6.417369e-01 6.417369e-01 3.041661e-02 0.091827
  46  2.3000 -0.4455   1  1 6.769766e-01 6.769766e-01 2.647030e-02 0.091827
  47  2.3500 -0.4263   1  1 7.102783e-01 7.102783e-01 3.046915e-02 0.092746
  48  2.4000 -0.4045   1  1 7.360519e-01 7.360519e-01 2.877922e-02 0.092746
  49  2.4500 -0.3802   1  1 7.581262e-01 7.581262e-01 2.953757e-02 0.092746
  50  2.5000 -0.3536   1  1 7.747097e-01 7.747097e-01 3.010213e-02 0.092746
  51  2.5500 -0.3247   1  1 7.862858e-01 7.862858e-01 2.827722e-02 0.089991
  52  2.6000 -0.2939   1  1 7.943083e-01 7.943083e-01 3.064881e-02 0.089073
  53  2.6500 -0.2612   1  1 7.961581e-01 7.961581e-01 2.784177e-02 0.089073
  54  2.7000 -0.2270   1  1 7.958760e-01 7.958760e-01 3.067474e-02 0.087236
  55  2.7500 -0.1913   1  1 7.885778e-01 7.885778e-01 2.694955e-02 0.084481
  56  2.8000 -0.1545   1  1 7.800704e-01 7.800704e-01 3.004956e-02 0.081726
  57  2.8500 -0.1167   1  1 7.639095e-01 7.639095e-01 2.975656e-02 0.074380
  58  2.9000 -0.0782   1  1 7.467074e-01 7.467074e-01 2.920571e-02 0.070707
  59  2.9500 -0.0392   1  1 7.223785e-01 7.223785e-01 3.390057e-02 0.067034
  60  3.0000 -0.0000   1  1 6.973502e-01 6.973502e-01 3.174960e-02 0.062443
  61  3.0500 +0.0392   1  1 6.667682e-01 6.667682e-01 3.857958e-02 0.056015
  62  3.1000 +0.0782   1  1 6.348044e-01 6.348044e-01 3.902196e-02 0.046832
  63  3.1500 +0.1167   1  1 5.979348e-01 5.979348e-01 4.217937e-02 0.015611
  64  3.2000 +0.1545   1  1 5.606210e-01 5.606210e-01 4.461844e-02 0.002755
  65  3.2500 +0.1913   1  1 5.185266e-01 5.185266e-01 4.670081e-02 0.001837
  66  3.3000 +0.2270   1  1 4.780786e-01 4.780786e-01 5.137915e-02 0.004591
  67  3.3500 +0.2612   1  1 4.326961e-01 4.326961e-01 5.301539e-02 0.007346
  68  3.4000 +0.2939   1  1 3.901218e-01 3.901218e-01 5.731251e-02 0.012856
  69  3.4500 +0.3247   1  1 3.425765e-01 3.425765e-01 5.724200e-02 0.041322
  70  3.5000 +0.3536   1  1 2.949486e-01 2.949486e-01 6.371193e-02 0.050505
  71  3.5500 +0.3802   1  1 2.421294e-01 2.421294e-01 5.811950e-02 0.059688
  72  3.6000 +0.4045   1  1 1.881670e-01 1.881670e-01 6.840521e-02 0.064279
  73  3.6500 +0.4263   1  1 1.555694e-01 1.555694e-01 5.713230e-02 0.067952
  74  3.7000 +0.4455   1  1 1.598838e-01 1.598838e-01 7.112147e-02 0.072544
  75  3.7500 +0.4619   1  1 1.791295e-01 1.791295e-01 5.442180e-02 0.076217
  76  3.8000 +0.4755   1  1 2.257324e-01 2.257324e-01 7.161664e-02 0.079890
  77  3.8500 +0.4862   1  1 2.690861e-01 2.690861e-01 5.083165e-02 0.081726
  78  3.9000 +0.4938   1  1 3.166168e-01 3.166168e-01 7.074444e-02 0.081726
  79  3.9500 +0.4985   1  1 3.635441e-01 3.635441e-01 4.568633e-02 0.081726
  80  4.0000 +0.5000   1  1 4.151861e-01 4.151861e-01 6.803058e-02 0.084481
  81  4.0500 +0.4985   1  1 4.566118e-01 4.566118e-01 4.174742e-02 0.088154
  82  4.1000 +0.4938   1  1 5.005229e-01 5.005229e-01 6.408209e-02 0.089073
  83  4.1500 +0.4862   1  1 5.305149e-01 5.305149e-01 4.089872e-02 0.089073
  84  4.2000 +0.4755   1  1 5.707071e-01 5.707071e-01 5.870990e-02 0.089073
  85  4.2500 +0.4619   1  1 6.126959e-01 6.126959e-01 3.954730e-02 0.090909
  86  4.3000 +0.4455   1  1 6.540621e-01 6.540621e-01 5.234383e-02 0.092746
  87  4.3500 +0.4263   1  1 6.829757e-01 6.829757e-01 3.965990e-02 0.092746
  88  4.4000 +0.4045   1  1 7.113745e-01 7.113745e-01 4.544573e-02 0.092746
  89  4.4500 +0.3802   1  1 7.282133e-01 7.282133e-01 3.923397e-02 0.092746
  90  4.5000 +0.3536   1  1 7.450524e-01 7.450524e-01 4.160950e-02 0.091827
  91  4.5500 +0.3247   1  1 7.526353e-01 7.526353e-01 3.734183e-02 0.089991
  92  4.6000 +0.2939   1  1 7.598689e-01 7.598689e-01 4.341982e-02 0.089073
  93  4.6500 +0.2612   1  1 7.603876e-01 7.603876e-01 3.460950e-02 0.089073
  94  4.7000 +0.2270   1  1 7.590870e-01 7.590870e-01 5.127460e-02 0.087236
  95  4.7500 +0.1913   1  1 7.533418e-01 7.533418e-01 4.776523e-02 0.083563
  96  4.8000 +0.1545   1  1 7.438568e-01 7.438568e-01 6.608833e-02 0.079890
  97  4.8500 +0.1167   1  1 7.321045e-01 7.321045e-01 6.812981e-02 0.075298
  98  4.9000 +0.0782   1  1 7.178501e-01 7.178501e-01 8.677898e-02 0.070707
  99  4.9500 +0.0392   1  1 6.975008e-01 6.975008e-01 9.291052e-02 0.067034
 100  5.0000 +0.0000   1  1 6.742254e-01 6.742254e-01 1.110457e-01 0.061524
 101  5.0500 -0.0392   1  1 6.448974e-01 6.448974e-01 1.211323e-01 0.052342
 102  5.1000 -0.0782   1  1 6.150097e-01 6.150097e-01 1.369753e-01 0.041322
 103  5.1500 -0.1167   1  1 5.758267e-01 5.758267e-01 1.497804e-01 0.010101
 104  5.2000 -0.1545   1  1 5.411679e-01 5.411679e-01 1.634744e-01 0.002755
 105  5.2500 -0.1913   1  1 4.970565e-01 4.970565e-01 1.772986e-01 0.001837
 106  5.3000 -0.2270   1  1 4.599766e-01 4.599766e-01 1.902496e-01 0.001837
 107  5.3500 -0.2612   1  1 4.129634e-01 4.129634e-01 2.035024e-01 0.006428
 108  5.4000 -0.2939   1  1 3.736203e-01 3.736203e-01 2.145889e-01 0.011019
 109  5.4500 -0.3247   1  1 3.237010e-01 3.237010e-01 2.273457e-01 0.041322
 110  5.5000 -0.3536   1  1 2.798159e-01 2.798159e-01 2.378508e-01 0.050505
 111  5.5500 -0.3802   1  1 2.228483e-01 2.228483e-01 2.586419e-01 0.058770
 112  5.6000 -0.4045   1  1 1.766384e-01 1.766384e-01 2.637201e-01 0.064279
 113  5.6500 -0.4263   1  1 1.547365e-01 1.547365e-01 2.853110e-01 0.068871
 114  5.7000 -0.4455   1  1 1.598838e-01 1.598838e-01 2.825352e-01 0.073462
 115  5.7500 -0.4619   1  1 2.088551e-01 2.088551e-01 3.047250e-01 0.076217
 116  5.8000 -0.4755   1  1 2.197518e-01 2.197518e-01 2.940441e-01 0.081726
 117  5.8500 -0.4862   1  1 2.587456e-01 2.587456e-01 3.149978e-01 0.081726
 118  5.9000 -0.4938   1  1 3.094653e-01 3.094653e-01 2.954414e-01 0.081726
 119  5.9500 -0.4985   1  1 3.424852e-01 3.424852e-01 3.132496e-01 0.082645
 120  6.0000 -0.5000   1  1 4.068626e-01 4.068626e-01 2.862348e-01 0.084481
