# Phase G v5 custom constitutive (use_yield_lagged_alpha=False): v5b_bdf2
# columns: step, t, V_top, snes, sigma_eq_max, u_y_max, eta_lag_min, eta_lag_max, yielded_fraction
   1  0.0500 +0.4985   1 4.128560e-02 1.648464e-05 4.761905e-02 4.761905e-02 0.000000
   2  0.1000 +0.4938   1 8.039679e-02 1.799421e-04 4.761905e-02 4.761905e-02 0.046832
   3  0.1500 +0.4862   4 1.529724e-01 1.469649e-02 4.761905e-02 4.761905e-02 0.059688
   4  0.2000 +0.4755   2 2.445473e-01 2.402164e-02 4.761905e-02 4.761905e-02 0.067034
   5  0.2500 +0.4619   2 3.747621e-01 2.599376e-02 4.761905e-02 4.761905e-02 0.074380
   6  0.3000 +0.4455   2 5.301883e-01 2.552128e-02 4.761905e-02 4.761905e-02 0.074380
   7  0.3500 +0.4263   2 6.866053e-01 2.507859e-02 4.761905e-02 4.761905e-02 0.076217
   8  0.4000 +0.4045   2 8.314006e-01 2.750875e-02 4.761905e-02 4.761905e-02 0.079890
   9  0.4500 +0.3802   2 9.538215e-01 2.892271e-02 4.761905e-02 4.761905e-02 0.081726
  10  0.5000 +0.3536   2 1.047483e+00 2.919098e-02 4.761905e-02 4.761905e-02 0.081726
  11  0.5500 +0.3247   2 1.108299e+00 2.864151e-02 4.761905e-02 4.761905e-02 0.080808
  12  0.6000 +0.2939   2 1.136616e+00 2.743080e-02 4.761905e-02 4.761905e-02 0.080808
  13  0.6500 +0.2612   2 1.138199e+00 2.577145e-02 4.761905e-02 4.761905e-02 0.081726
  14  0.7000 +0.2270   2 1.124886e+00 2.868064e-02 4.761905e-02 4.761905e-02 0.081726
  15  0.7500 +0.1913   2 1.148965e+00 2.978043e-02 4.761905e-02 4.761905e-02 0.081726
  16  0.8000 +0.1545   2 1.152549e+00 2.804932e-02 4.761905e-02 4.761905e-02 0.081726
  17  0.8500 +0.1167   2 1.133368e+00 2.489222e-02 4.761905e-02 4.761905e-02 0.080808
  18  0.9000 +0.0782   2 1.106155e+00 2.310294e-02 4.761905e-02 4.761905e-02 0.079890
  19  0.9500 +0.0392   3 1.083516e+00 2.049096e-02 4.761905e-02 4.761905e-02 0.078972
  20  1.0000 -0.0000   4 1.042940e+00 1.732468e-02 4.761905e-02 4.761905e-02 0.078053
  21  1.0500 -0.0392   3 9.888609e-01 1.371116e-02 4.761905e-02 4.761905e-02 0.076217
  22  1.1000 -0.0782   2 9.236900e-01 1.019281e-02 4.761905e-02 4.761905e-02 0.068871
  23  1.1500 -0.1167   2 8.716482e-01 7.423574e-03 4.761905e-02 4.761905e-02 0.057851
  24  1.2000 -0.1545   2 8.302125e-01 9.670077e-03 4.761905e-02 4.761905e-02 0.024793
  25  1.2500 -0.1913   2 7.983246e-01 1.091356e-02 4.761905e-02 4.761905e-02 0.007346
  26  1.3000 -0.2270   1 7.837385e-01 1.238778e-02 4.761905e-02 4.761905e-02 0.008264
  27  1.3500 -0.2612   1 8.870698e-01 1.456089e-02 4.761905e-02 4.761905e-02 0.010101
  28  1.4000 -0.2939   2 1.036542e+00 1.857427e-02 4.761905e-02 4.761905e-02 0.023875
  29  1.4500 -0.3247   2 1.220533e+00 2.513226e-02 4.761905e-02 4.761905e-02 0.040404
  30  1.5000 -0.3536   2 1.444315e+00 3.447307e-02 4.761905e-02 4.761905e-02 0.048669
  31  1.5500 -0.3802   3 1.714849e+00 4.757034e-02 4.761905e-02 4.761905e-02 0.059688
  32  1.6000 -0.4045   3 2.060849e+00 6.056247e-02 4.761905e-02 4.761905e-02 0.066116
  33  1.6500 -0.4263   2 2.488871e+00 8.072776e-02 4.761905e-02 4.761905e-02 0.066116
  34  1.7000 -0.4455   3 3.001931e+00 1.017382e-01 4.761905e-02 4.761905e-02 0.072544
  35  1.7500 -0.4619   2 3.617268e+00 1.177580e-01 4.761905e-02 4.761905e-02 0.076217
  36  1.8000 -0.4755   2 4.493407e+00 1.325879e-01 4.761905e-02 4.761905e-02 0.077135
  37  1.8500 -0.4862   2 6.083809e+00 1.782960e-01 4.761905e-02 4.761905e-02 0.078972
  38  1.9000 -0.4938   3 8.464371e+00 2.565689e-01 4.761905e-02 4.761905e-02 0.082645
  39  1.9500 -0.4985   4 1.212403e+01 4.246022e-01 4.761905e-02 4.761905e-02 0.086318
  40  2.0000 -0.5000   4 1.897909e+01 7.303534e-01 4.761905e-02 4.761905e-02 0.086318
  41  2.0500 -0.4985  12 2.815935e+01 1.666714e+00 4.761905e-02 4.761905e-02 0.089991
  42  2.1000 -0.4938   7 3.983134e+01 6.207255e+02 4.761905e-02 4.761905e-02 0.087236
