# Phase G two-Stokes operator-split: first_cut
# η_eff_frozen=4.761905e-02
# columns: step, t, V_top, snes_VE, snes_pl, sigma_eq_max_VE, sigma_eq_max_total, sigma_eq_max_admissible, u_VE_y_max, u_pl_y_max, yielded_fraction
   1  0.0500 +0.4985   1   1 4.128507e-02 8.253547e-02 8.253547e-02 1.648185e-05 4.234912e-05 0.050505
   2  0.1000 +0.4938   1   1 1.259463e-01 1.668022e-01 1.668022e-01 3.644807e-03 5.297562e-05 0.074380
   3  0.1500 +0.4862   1   1 2.260592e-01 2.659148e-01 2.659148e-01 1.689893e-02 1.644954e-04 0.081726
   4  0.2000 +0.4755   1   1 3.299039e-01 3.694534e-01 3.694534e-01 2.732179e-02 4.242888e-04 0.089073
   5  0.2500 +0.4619   1   1 4.350117e-01 4.747859e-01 4.747859e-01 3.452817e-02 1.143222e-03 0.089073
   6  0.3000 +0.4455   1   1 5.385332e-01 5.795090e-01 5.795090e-01 3.974311e-02 2.198141e-03 0.093664
   7  0.3500 +0.4263   1   1 6.396216e-01 6.805119e-01 6.805119e-01 4.340402e-02 3.609276e-03 0.095500
   8  0.4000 +0.4045   1   1 7.325777e-01 7.740491e-01 7.740491e-01 4.637437e-02 5.176950e-03 0.096419
   9  0.4500 +0.3802   1   1 8.221176e-01 8.636173e-01 8.636173e-01 4.844134e-02 6.855446e-03 0.097337
  10  0.5000 +0.3536   1   1 9.010581e-01 9.420894e-01 9.420894e-01 4.967527e-02 8.549884e-03 0.097337
  11  0.5500 +0.3247   1   1 9.679970e-01 1.007976e+00 1.007976e+00 5.035659e-02 1.023677e-02 0.098255
  12  0.6000 +0.2939   1   1 1.022276e+00 1.060628e+00 1.060628e+00 5.034867e-02 1.184060e-02 0.098255
  13  0.6500 +0.2612   1   1 1.063826e+00 1.100044e+00 1.100044e+00 4.962631e-02 1.331994e-02 0.097337
  14  0.7000 +0.2270   1   1 1.092918e+00 1.126587e+00 1.126587e+00 4.824862e-02 1.464030e-02 0.094582
  15  0.7500 +0.1913   1   1 1.109997e+00 1.140783e+00 1.140783e+00 4.639157e-02 1.573789e-02 0.094582
  16  0.8000 +0.1545   1   1 1.115572e+00 1.143212e+00 1.143212e+00 4.387312e-02 1.656476e-02 0.090909
  17  0.8500 +0.1167   1   1 1.110140e+00 1.134427e+00 1.134427e+00 4.072458e-02 1.710978e-02 0.090909
  18  0.9000 +0.0782   1   1 1.094983e+00 1.114998e+00 1.114998e+00 3.693742e-02 1.737501e-02 0.085399
  19  0.9500 +0.0392   1   1 1.069937e+00 1.085480e+00 1.085480e+00 3.274420e-02 1.738709e-02 0.081726
  20  1.0000 -0.0000   1   1 1.035016e+00 1.046418e+00 1.046418e+00 2.830520e-02 1.713851e-02 0.074380
  21  1.0500 -0.0392   1   1 9.908977e-01 9.984342e-01 9.984342e-01 2.387841e-02 1.665153e-02 0.061524
  22  1.1000 -0.0782   1   1 9.381658e-01 9.419824e-01 9.419824e-01 1.949217e-02 1.594172e-02 0.046832
  23  1.1500 -0.1167   1   1 8.773547e-01 8.776604e-01 8.776604e-01 1.563667e-02 1.512227e-02 0.011019
  24  1.2000 -0.1545   1   1 8.107947e-01 8.078068e-01 8.078068e-01 1.404013e-02 1.431223e-02 0.005510
  25  1.2500 -0.1913   1   1 7.411950e-01 7.346495e-01 7.346495e-01 1.313876e-02 1.346117e-02 0.009183
  26  1.3000 -0.2270   1   1 6.677327e-01 6.581248e-01 6.581248e-01 1.224253e-02 1.265593e-02 0.033058
  27  1.3500 -0.2612   1   1 5.907750e-01 5.776678e-01 5.776678e-01 1.067097e-02 1.187522e-02 0.050505
  28  1.4000 -0.2939   1   1 5.076254e-01 4.911291e-01 4.911291e-01 8.550529e-03 1.111722e-02 0.064279
  29  1.4500 -0.3247   1   1 4.179323e-01 3.982272e-01 3.982272e-01 1.096797e-02 1.038748e-02 0.071625
  30  1.5000 -0.3536   1   1 3.250716e-01 3.019547e-01 3.019547e-01 1.522935e-02 9.699205e-03 0.076217
  31  1.5500 -0.3802   1   1 2.317431e-01 2.405106e-01 2.285933e-01 1.941231e-02 9.047651e-03 0.080808
  32  1.6000 -0.4045   1   1 2.618392e-01 3.003313e-01 2.776720e-01 2.340795e-02 8.420065e-03 0.086318
  33  1.6500 -0.4263   1   1 2.976619e-01 3.366610e-01 3.322227e-01 2.684828e-02 7.839848e-03 0.087236
  34  1.7000 -0.4455   1   1 3.600317e-01 3.979507e-01 3.979507e-01 3.029580e-02 7.308386e-03 0.089073
  35  1.7500 -0.4619   1   1 4.338270e-01 4.741221e-01 4.741221e-01 3.316546e-02 6.821499e-03 0.089991
  36  1.8000 -0.4755   1   1 5.294686e-01 5.715264e-01 5.715264e-01 3.575824e-02 6.433026e-03 0.094582
  37  1.8500 -0.4862   1   1 6.224690e-01 6.673753e-01 6.673753e-01 3.863406e-02 6.160549e-03 0.095500
  38  1.9000 -0.4938   1   1 7.148818e-01 7.632528e-01 7.632528e-01 4.299728e-02 6.350132e-03 0.096419
  39  1.9500 -0.4985   1   1 8.188543e-01 8.701695e-01 8.701695e-01 4.722137e-02 6.275555e-03 0.097337
  40  2.0000 -0.5000   1   1 9.117174e-01 9.657493e-01 9.657493e-01 5.137877e-02 6.293897e-03 0.097337
  41  2.0500 -0.4985   1   1 1.019836e+00 1.077420e+00 1.077420e+00 5.512051e-02 6.891688e-03 0.099174
  42  2.1000 -0.4938   1   1 1.118564e+00 1.177328e+00 1.177328e+00 5.833722e-02 8.315333e-03 0.099174
  43  2.1500 -0.4862   1   1 1.224259e+00 1.284656e+00 1.284656e+00 6.101795e-02 9.700268e-03 0.100092
  44  2.2000 -0.4755   1   1 1.320826e+00 1.380715e+00 1.380715e+00 6.346581e-02 1.099640e-02 0.101928
  45  2.2500 -0.4619   1   1 1.404071e+00 1.462504e+00 1.462504e+00 6.551163e-02 1.234494e-02 0.101928
  46  2.3000 -0.4455   1   1 1.473411e+00 1.529628e+00 1.529628e+00 6.802575e-02 1.378677e-02 0.102847
  47  2.3500 -0.4263   1   1 1.528690e+00 1.582137e+00 1.582137e+00 7.106904e-02 1.545403e-02 0.101928
  48  2.4000 -0.4045   1   1 1.576714e+00 1.620573e+00 1.620573e+00 7.341303e-02 1.771250e-02 0.101010
  49  2.4500 -0.3802   1   1 1.612202e+00 1.651467e+00 1.651467e+00 7.485198e-02 1.982488e-02 0.101010
  50  2.5000 -0.3536   1   1 1.644336e+00 1.682604e+00 1.682604e+00 7.539172e-02 2.170271e-02 0.100092
  51  2.5500 -0.3247   1   1 1.663494e+00 1.699450e+00 1.699450e+00 7.490011e-02 2.325131e-02 0.100092
  52  2.6000 -0.2939   1   1 1.669899e+00 1.703303e+00 1.703303e+00 7.346091e-02 2.448924e-02 0.099174
  53  2.6500 -0.2612   1   1 1.664934e+00 1.695573e+00 1.695573e+00 7.111114e-02 2.538715e-02 0.099174
  54  2.7000 -0.2270   1   1 1.649842e+00 1.677535e+00 1.677535e+00 6.848266e-02 2.595910e-02 0.098255
  55  2.7500 -0.1913   1   1 1.625774e+00 1.650360e+00 1.650360e+00 6.552730e-02 2.622596e-02 0.096419
  56  2.8000 -0.1545   1   1 1.593667e+00 1.615009e+00 1.615009e+00 6.168738e-02 2.623505e-02 0.093664
  57  2.8500 -0.1167   1   1 1.561825e+00 1.572130e+00 1.572130e+00 5.702997e-02 2.600692e-02 0.091827
  58  2.9000 -0.0782   1   1 1.531225e+00 1.536379e+00 1.536379e+00 5.214640e-02 2.556937e-02 0.089073
  59  2.9500 -0.0392   1   1 1.491224e+00 1.493179e+00 1.493179e+00 4.708699e-02 2.494558e-02 0.081726
  60  3.0000 -0.0000   1   1 1.442171e+00 1.440912e+00 1.440912e+00 4.171521e-02 2.417077e-02 0.073462
  61  3.0500 +0.0392   1   1 1.384528e+00 1.380056e+00 1.380056e+00 3.612099e-02 2.327093e-02 0.067034
  62  3.1000 +0.0782   1   1 1.318798e+00 1.311138e+00 1.311138e+00 2.901006e-02 2.227046e-02 0.045914
  63  3.1500 +0.1167   1   1 1.246012e+00 1.235250e+00 1.235250e+00 2.236296e-02 2.118570e-02 0.016529
  64  3.2000 +0.1545   1   1 1.167286e+00 1.153563e+00 1.153563e+00 1.877614e-02 2.008693e-02 0.010101
  65  3.2500 +0.1913   1   1 1.083700e+00 1.067023e+00 1.067023e+00 1.672527e-02 1.901099e-02 0.011019
  66  3.3000 +0.2270   1   1 9.966265e-01 9.773559e-01 9.773559e-01 1.476548e-02 1.794477e-02 0.030303
  67  3.3500 +0.2612   1   1 9.068413e-01 8.869719e-01 8.869719e-01 1.247700e-02 1.692581e-02 0.049587
  68  3.4000 +0.2939   1   1 8.133634e-01 7.945302e-01 7.945302e-01 9.925054e-03 1.591566e-02 0.061524
  69  3.4500 +0.3247   1   1 7.163849e-01 6.975688e-01 6.975688e-01 9.100366e-03 1.489730e-02 0.069789
  70  3.5000 +0.3536   1   1 6.158410e-01 5.968045e-01 5.968045e-01 1.116937e-02 1.387966e-02 0.075298
  71  3.5500 +0.3802   1   1 5.097736e-01 4.892547e-01 4.892547e-01 1.345138e-02 1.287081e-02 0.079890
  72  3.6000 +0.4045   1   1 3.966574e-01 3.740617e-01 3.740617e-01 1.784138e-02 1.200751e-02 0.084481
  73  3.6500 +0.4263   1   1 2.884240e-01 3.307584e-01 3.095028e-01 2.231902e-02 1.118590e-02 0.089073
  74  3.7000 +0.4455   1   1 3.257290e-01 3.679757e-01 3.679223e-01 2.650156e-02 1.019243e-02 0.089073
  75  3.7500 +0.4619   1   1 3.859377e-01 4.316854e-01 4.316854e-01 3.006860e-02 9.278515e-03 0.092746
  76  3.8000 +0.4755   1   1 4.543085e-01 5.021931e-01 5.021931e-01 3.320935e-02 1.010240e-02 0.094582
  77  3.8500 +0.4862   1   1 5.242866e-01 5.698589e-01 5.698589e-01 3.621824e-02 1.199981e-02 0.096419
  78  3.9000 +0.4938   1   1 6.218204e-01 6.720317e-01 6.720317e-01 3.869819e-02 1.330122e-02 0.099174
  79  3.9500 +0.4985   1   1 7.160232e-01 7.711664e-01 7.711664e-01 4.218759e-02 1.385536e-02 0.100092
  80  4.0000 +0.5000   1   1 8.084286e-01 8.684191e-01 8.684191e-01 4.604747e-02 1.321595e-02 0.101010
  81  4.0500 +0.4985   1   1 9.227136e-01 9.853730e-01 9.853730e-01 4.926806e-02 1.179077e-02 0.101010
  82  4.1000 +0.4938   1   1 1.024302e+00 1.088206e+00 1.088206e+00 5.400919e-02 9.701279e-03 0.101928
  83  4.1500 +0.4862   1   1 1.139057e+00 1.203524e+00 1.203524e+00 5.980553e-02 8.185595e-03 0.101928
  84  4.2000 +0.4755   1   1 1.239132e+00 1.303080e+00 1.303080e+00 6.557837e-02 1.059484e-02 0.103765
  85  4.2500 +0.4619   1   1 1.324172e+00 1.386721e+00 1.386721e+00 7.115578e-02 1.339570e-02 0.104683
  86  4.3000 +0.4455   1   1 1.394597e+00 1.455100e+00 1.455100e+00 7.626585e-02 1.680386e-02 0.104683
  87  4.3500 +0.4263   1   1 1.454929e+00 1.509437e+00 1.509437e+00 8.053194e-02 2.051019e-02 0.104683
  88  4.4000 +0.4045   1   1 1.508551e+00 1.552775e+00 1.552775e+00 8.382463e-02 2.429995e-02 0.104683
  89  4.4500 +0.3802   1   1 1.549157e+00 1.592094e+00 1.592094e+00 8.609817e-02 2.776317e-02 0.104683
  90  4.5000 +0.3536   1   1 1.578169e+00 1.619449e+00 1.619449e+00 8.698028e-02 3.062316e-02 0.104683
  91  4.5500 +0.3247   1   1 1.596675e+00 1.635973e+00 1.635973e+00 8.679396e-02 3.297612e-02 0.103765
  92  4.6000 +0.2939   1   1 1.605692e+00 1.642700e+00 1.642700e+00 8.535526e-02 3.476519e-02 0.101928
  93  4.6500 +0.2612   1   1 1.605851e+00 1.640301e+00 1.640301e+00 8.293187e-02 3.603083e-02 0.100092
  94  4.7000 +0.2270   1   1 1.597593e+00 1.629248e+00 1.629248e+00 7.964794e-02 3.683013e-02 0.100092
  95  4.7500 +0.1913   1   1 1.581186e+00 1.609840e+00 1.609840e+00 7.555678e-02 3.720583e-02 0.098255
  96  4.8000 +0.1545   1   1 1.556799e+00 1.582276e+00 1.582276e+00 7.080124e-02 3.720250e-02 0.096419
  97  4.8500 +0.1167   1   1 1.524609e+00 1.546755e+00 1.546755e+00 6.544207e-02 3.685623e-02 0.092746
  98  4.9000 +0.0782   1   1 1.484734e+00 1.503431e+00 1.503431e+00 5.990119e-02 3.622628e-02 0.090909
  99  4.9500 +0.0392   1   1 1.437288e+00 1.452442e+00 1.452442e+00 5.410711e-02 3.535278e-02 0.085399
 100  5.0000 +0.0000   1   1 1.382458e+00 1.393994e+00 1.393994e+00 4.828015e-02 3.427146e-02 0.078053
 101  5.0500 -0.0392   1   1 1.320369e+00 1.328248e+00 1.328248e+00 4.245055e-02 3.301620e-02 0.066116
 102  5.1000 -0.0782   1   1 1.251338e+00 1.255739e+00 1.255739e+00 3.701466e-02 3.161119e-02 0.055096
 103  5.1500 -0.1167   1   1 1.178364e+00 1.179079e+00 1.179079e+00 3.178578e-02 3.008420e-02 0.020202
 104  5.2000 -0.1545   1   1 1.099780e+00 1.097340e+00 1.097340e+00 2.807553e-02 2.846711e-02 0.011019
 105  5.2500 -0.1913   1   1 1.017308e+00 1.011200e+00 1.011200e+00 2.577771e-02 2.689791e-02 0.011938
 106  5.3000 -0.2270   1   1 9.323171e-01 9.227009e-01 9.227009e-01 2.363645e-02 2.539548e-02 0.033058
 107  5.3500 -0.2612   1   1 8.443592e-01 8.314090e-01 8.314090e-01 2.098144e-02 2.393664e-02 0.049587
 108  5.4000 -0.2939   1   1 7.517670e-01 7.352047e-01 7.352047e-01 1.744385e-02 2.251875e-02 0.064279
 109  5.4500 -0.3247   1   1 6.556890e-01 6.337384e-01 6.337384e-01 1.524360e-02 2.113448e-02 0.072544
 110  5.5000 -0.3536   1   1 5.553759e-01 5.325682e-01 5.325682e-01 1.781782e-02 1.978635e-02 0.076217
 111  5.5500 -0.3802   1   1 4.521694e-01 4.277966e-01 4.277966e-01 2.179312e-02 1.848742e-02 0.080808
 112  5.6000 -0.4045   1   1 3.437365e-01 3.174804e-01 3.174804e-01 2.526573e-02 1.727513e-02 0.085399
 113  5.6500 -0.4263   1   1 2.890857e-01 3.284641e-01 3.227804e-01 2.838734e-02 1.614453e-02 0.087236
 114  5.7000 -0.4455   1   1 3.394579e-01 3.805392e-01 3.805392e-01 3.145689e-02 1.508904e-02 0.088154
 115  5.7500 -0.4619   1   1 4.047063e-01 4.474289e-01 4.474289e-01 3.397494e-02 1.416711e-02 0.089991
 116  5.8000 -0.4755   1   1 4.692060e-01 5.146678e-01 5.146678e-01 3.611250e-02 1.333051e-02 0.092746
 117  5.8500 -0.4862   1   1 5.486125e-01 5.936050e-01 5.936050e-01 3.820120e-02 1.258691e-02 0.095500
 118  5.9000 -0.4938   1   1 6.419170e-01 6.900093e-01 6.900093e-01 4.089958e-02 1.194336e-02 0.096419
 119  5.9500 -0.4985   1   1 7.280491e-01 7.798939e-01 7.798939e-01 4.309975e-02 1.140080e-02 0.096419
 120  6.0000 -0.5000   1   1 8.335033e-01 8.882358e-01 8.882358e-01 4.652069e-02 1.095864e-02 0.098255
