# Phase G v3 minimal lag (use_lag=False): v3_baseline_const_eta
# columns: step, t, V_top, snes, sigma_eq_max, u_y_max, eta_lag_min, eta_lag_max, yielded_fraction
   1  0.0500 +0.4985   1 4.128481e-02 1.648374e-05 1.000000e+00 1.000000e+00 0.000000
   2  0.1000 +0.4938   1 8.038157e-02 1.726538e-04 1.000000e+00 1.000000e+00 0.046832
   3  0.1500 +0.4862  28 1.506698e-01 9.615492e-03 1.000000e+00 1.000000e+00 0.059688
   4  0.2000 +0.4755  23 2.390415e-01 1.853173e-02 1.000000e+00 1.000000e+00 0.067034
   5  0.2500 +0.4619  20 3.495562e-01 2.103255e-02 1.000000e+00 1.000000e+00 0.074380
   6  0.3000 +0.4455  15 4.846966e-01 2.298590e-02 1.000000e+00 1.000000e+00 0.074380
   7  0.3500 +0.4263  15 6.096315e-01 2.423474e-02 1.000000e+00 1.000000e+00 0.074380
   8  0.4000 +0.4045  14 7.198713e-01 2.396950e-02 1.000000e+00 1.000000e+00 0.076217
   9  0.4500 +0.3802  14 8.120377e-01 2.274571e-02 1.000000e+00 1.000000e+00 0.079890
  10  0.5000 +0.3536  14 8.836941e-01 2.156735e-02 1.000000e+00 1.000000e+00 0.081726
  11  0.5500 +0.3247  13 9.348491e-01 2.019810e-02 1.000000e+00 1.000000e+00 0.081726
  12  0.6000 +0.2939  14 9.672436e-01 1.857458e-02 1.000000e+00 1.000000e+00 0.081726
  13  0.6500 +0.2612  16 9.830284e-01 1.680573e-02 1.000000e+00 1.000000e+00 0.081726
  14  0.7000 +0.2270  17 9.840690e-01 1.495089e-02 1.000000e+00 1.000000e+00 0.081726
  15  0.7500 +0.1913  19 9.717722e-01 1.282046e-02 1.000000e+00 1.000000e+00 0.081726
  16  0.8000 +0.1545  21 9.473533e-01 1.052354e-02 1.000000e+00 1.000000e+00 0.081726
  17  0.8500 +0.1167  25 9.120658e-01 9.264103e-03 1.000000e+00 1.000000e+00 0.081726
  18  0.9000 +0.0782  30 8.675121e-01 8.562997e-03 1.000000e+00 1.000000e+00 0.081726
  19  0.9500 +0.0392  34 8.158215e-01 7.562540e-03 1.000000e+00 1.000000e+00 0.081726
  20  1.0000 -0.0000  19 7.630076e-01 6.321630e-03 1.000000e+00 1.000000e+00 0.074380
  21  1.0500 -0.0392   8 7.288552e-01 5.155325e-03 1.000000e+00 1.000000e+00 0.074380
  22  1.1000 -0.0782   7 6.886858e-01 4.094716e-03 1.000000e+00 1.000000e+00 0.072544
  23  1.1500 -0.1167   5 6.462243e-01 3.140869e-03 1.000000e+00 1.000000e+00 0.054178
  24  1.2000 -0.1545   4 6.024615e-01 2.465011e-03 1.000000e+00 1.000000e+00 0.009183
  25  1.2500 -0.1913   3 5.579542e-01 2.283285e-03 1.000000e+00 1.000000e+00 0.000000
  26  1.3000 -0.2270   3 5.130838e-01 2.189853e-03 1.000000e+00 1.000000e+00 0.000000
  27  1.3500 -0.2612   2 4.667995e-01 2.080669e-03 1.000000e+00 1.000000e+00 0.000918
  28  1.4000 -0.2939   1 4.197782e-01 1.931345e-03 1.000000e+00 1.000000e+00 0.021120
  29  1.4500 -0.3247   2 3.722966e-01 1.742481e-03 1.000000e+00 1.000000e+00 0.033058
  30  1.5000 -0.3536  12 3.225314e-01 3.181848e-03 1.000000e+00 1.000000e+00 0.048669
  31  1.5500 -0.3802  25 2.627888e-01 9.008943e-03 1.000000e+00 1.000000e+00 0.056015
  32  1.6000 -0.4045  22 2.470824e-01 1.384247e-02 1.000000e+00 1.000000e+00 0.056015
  33  1.6500 -0.4263  23 2.617077e-01 1.795618e-02 1.000000e+00 1.000000e+00 0.063361
  34  1.7000 -0.4455  20 3.171084e-01 2.084334e-02 1.000000e+00 1.000000e+00 0.066116
  35  1.7500 -0.4619  16 3.720926e-01 2.375365e-02 1.000000e+00 1.000000e+00 0.072544
  36  1.8000 -0.4755  15 4.180841e-01 2.593420e-02 1.000000e+00 1.000000e+00 0.074380
  37  1.8500 -0.4862  14 5.144372e-01 2.754907e-02 1.000000e+00 1.000000e+00 0.074380
  38  1.9000 -0.4938  13 6.484324e-01 3.122745e-02 1.000000e+00 1.000000e+00 0.077135
  39  1.9500 -0.4985  12 7.692469e-01 3.421580e-02 1.000000e+00 1.000000e+00 0.079890
  40  2.0000 -0.5000  11 8.776853e-01 3.577112e-02 1.000000e+00 1.000000e+00 0.081726
  41  2.0500 -0.4985  10 9.753220e-01 3.613381e-02 1.000000e+00 1.000000e+00 0.082645
  42  2.1000 -0.4938   9 1.063179e+00 3.558669e-02 1.000000e+00 1.000000e+00 0.083563
  43  2.1500 -0.4862   8 1.141797e+00 3.439868e-02 1.000000e+00 1.000000e+00 0.084481
  44  2.2000 -0.4755   8 1.211359e+00 3.344070e-02 1.000000e+00 1.000000e+00 0.084481
  45  2.2500 -0.4619   8 1.278015e+00 3.406617e-02 1.000000e+00 1.000000e+00 0.086318
  46  2.3000 -0.4455   8 1.339710e+00 3.373134e-02 1.000000e+00 1.000000e+00 0.086318
  47  2.3500 -0.4263   8 1.389032e+00 3.234487e-02 1.000000e+00 1.000000e+00 0.088154
  48  2.4000 -0.4045   8 1.425182e+00 3.025292e-02 1.000000e+00 1.000000e+00 0.089073
  49  2.4500 -0.3802  10 1.447622e+00 2.746029e-02 1.000000e+00 1.000000e+00 0.089073
  50  2.5000 -0.3536  11 1.456491e+00 2.508210e-02 1.000000e+00 1.000000e+00 0.090909
  51  2.5500 -0.3247  12 1.452143e+00 2.321823e-02 1.000000e+00 1.000000e+00 0.090909
  52  2.6000 -0.2939  13 1.435097e+00 2.117631e-02 1.000000e+00 1.000000e+00 0.089073
  53  2.6500 -0.2612  14 1.408898e+00 1.892712e-02 1.000000e+00 1.000000e+00 0.089073
  54  2.7000 -0.2270  15 1.382263e+00 1.693419e-02 1.000000e+00 1.000000e+00 0.088154
  55  2.7500 -0.1913  17 1.375196e+00 1.496953e-02 1.000000e+00 1.000000e+00 0.089073
  56  2.8000 -0.1545  20 1.361219e+00 1.361370e-02 1.000000e+00 1.000000e+00 0.089073
  57  2.8500 -0.1167  23 1.338628e+00 1.213322e-02 1.000000e+00 1.000000e+00 0.088154
  58  2.9000 -0.0782  27 1.307419e+00 1.047046e-02 1.000000e+00 1.000000e+00 0.086318
  59  2.9500 -0.0392  33 1.267673e+00 8.976650e-03 1.000000e+00 1.000000e+00 0.082645
  60  3.0000 -0.0000  24 1.220802e+00 7.934382e-03 1.000000e+00 1.000000e+00 0.081726
  61  3.0500 +0.0392  10 1.171967e+00 6.959411e-03 1.000000e+00 1.000000e+00 0.080808
  62  3.1000 +0.0782   7 1.112698e+00 5.897079e-03 1.000000e+00 1.000000e+00 0.071625
  63  3.1500 +0.1167   5 1.047772e+00 4.924200e-03 1.000000e+00 1.000000e+00 0.056015
  64  3.2000 +0.1545   5 9.822082e-01 4.021706e-03 1.000000e+00 1.000000e+00 0.016529
  65  3.2500 +0.1913   4 9.166441e-01 3.436248e-03 1.000000e+00 1.000000e+00 0.001837
  66  3.3000 +0.2270   3 8.520673e-01 3.068535e-03 1.000000e+00 1.000000e+00 0.000000
  67  3.3500 +0.2612   2 7.883050e-01 2.865503e-03 1.000000e+00 1.000000e+00 0.001837
  68  3.4000 +0.2939   2 7.247597e-01 2.727997e-03 1.000000e+00 1.000000e+00 0.019284
  69  3.4500 +0.3247   2 6.614334e-01 2.527978e-03 1.000000e+00 1.000000e+00 0.032140
  70  3.5000 +0.3536  11 5.970978e-01 3.229315e-03 1.000000e+00 1.000000e+00 0.048669
  71  3.5500 +0.3802  25 5.245049e-01 8.311391e-03 1.000000e+00 1.000000e+00 0.056015
  72  3.6000 +0.4045  23 4.415704e-01 1.276146e-02 1.000000e+00 1.000000e+00 0.056015
  73  3.6500 +0.4263  23 3.740488e-01 1.660729e-02 1.000000e+00 1.000000e+00 0.062443
  74  3.7000 +0.4455  19 3.769118e-01 1.956247e-02 1.000000e+00 1.000000e+00 0.065197
  75  3.7500 +0.4619  16 3.849773e-01 2.212334e-02 1.000000e+00 1.000000e+00 0.069789
  76  3.8000 +0.4755  15 4.314502e-01 2.585242e-02 1.000000e+00 1.000000e+00 0.073462
  77  3.8500 +0.4862  13 4.569607e-01 2.882856e-02 1.000000e+00 1.000000e+00 0.074380
  78  3.9000 +0.4938  13 5.536697e-01 3.087726e-02 1.000000e+00 1.000000e+00 0.076217
  79  3.9500 +0.4985  12 6.987045e-01 3.270863e-02 1.000000e+00 1.000000e+00 0.076217
  80  4.0000 +0.5000  11 8.300421e-01 3.425415e-02 1.000000e+00 1.000000e+00 0.078972
  81  4.0500 +0.4985  10 9.481235e-01 3.628397e-02 1.000000e+00 1.000000e+00 0.081726
  82  4.1000 +0.4938   9 1.052745e+00 3.772080e-02 1.000000e+00 1.000000e+00 0.082645
  83  4.1500 +0.4862   9 1.143126e+00 3.843743e-02 1.000000e+00 1.000000e+00 0.082645
  84  4.2000 +0.4755   8 1.218381e+00 3.838887e-02 1.000000e+00 1.000000e+00 0.083563
  85  4.2500 +0.4619   8 1.277964e+00 3.765151e-02 1.000000e+00 1.000000e+00 0.085399
  86  4.3000 +0.4455   8 1.322186e+00 3.623396e-02 1.000000e+00 1.000000e+00 0.086318
  87  4.3500 +0.4263   8 1.352395e+00 3.423295e-02 1.000000e+00 1.000000e+00 0.087236
  88  4.4000 +0.4045   9 1.370239e+00 3.178827e-02 1.000000e+00 1.000000e+00 0.087236
  89  4.4500 +0.3802  10 1.378083e+00 2.895788e-02 1.000000e+00 1.000000e+00 0.087236
  90  4.5000 +0.3536  11 1.378141e+00 2.592104e-02 1.000000e+00 1.000000e+00 0.087236
  91  4.5500 +0.3247  12 1.371856e+00 2.348512e-02 1.000000e+00 1.000000e+00 0.088154
  92  4.6000 +0.2939  13 1.359775e+00 2.155790e-02 1.000000e+00 1.000000e+00 0.089073
  93  4.6500 +0.2612  14 1.342650e+00 1.961301e-02 1.000000e+00 1.000000e+00 0.089073
  94  4.7000 +0.2270  16 1.344693e+00 1.742895e-02 1.000000e+00 1.000000e+00 0.089073
  95  4.7500 +0.1913  18 1.336843e+00 1.502402e-02 1.000000e+00 1.000000e+00 0.087236
  96  4.8000 +0.1545  20 1.320068e+00 1.393725e-02 1.000000e+00 1.000000e+00 0.087236
  97  4.8500 +0.1167  23 1.294620e+00 1.296582e-02 1.000000e+00 1.000000e+00 0.085399
  98  4.9000 +0.0782  28 1.260387e+00 1.165475e-02 1.000000e+00 1.000000e+00 0.083563
  99  4.9500 +0.0392  33 1.217732e+00 1.010335e-02 1.000000e+00 1.000000e+00 0.081726
 100  5.0000 +0.0000  22 1.167232e+00 8.395230e-03 1.000000e+00 1.000000e+00 0.081726
 101  5.0500 -0.0392   9 1.111585e+00 7.389884e-03 1.000000e+00 1.000000e+00 0.081726
 102  5.1000 -0.0782   7 1.048877e+00 5.923149e-03 1.000000e+00 1.000000e+00 0.071625
 103  5.1500 -0.1167   5 9.869193e-01 4.701967e-03 1.000000e+00 1.000000e+00 0.055096
 104  5.2000 -0.1545   4 9.244232e-01 3.690225e-03 1.000000e+00 1.000000e+00 0.013774
 105  5.2500 -0.1913   3 8.618451e-01 3.231273e-03 1.000000e+00 1.000000e+00 0.000918
 106  5.3000 -0.2270   3 8.000515e-01 3.035066e-03 1.000000e+00 1.000000e+00 0.000000
 107  5.3500 -0.2612   2 7.381035e-01 2.864879e-03 1.000000e+00 1.000000e+00 0.001837
 108  5.4000 -0.2939   2 6.763074e-01 2.712259e-03 1.000000e+00 1.000000e+00 0.021120
 109  5.4500 -0.3247   2 6.147754e-01 2.541963e-03 1.000000e+00 1.000000e+00 0.033058
 110  5.5000 -0.3536  12 5.518391e-01 3.372650e-03 1.000000e+00 1.000000e+00 0.048669
 111  5.5500 -0.3802  25 4.792426e-01 8.899889e-03 1.000000e+00 1.000000e+00 0.056015
 112  5.6000 -0.4045  23 3.948947e-01 1.376977e-02 1.000000e+00 1.000000e+00 0.056933
 113  5.6500 -0.4263  23 3.537044e-01 1.782882e-02 1.000000e+00 1.000000e+00 0.063361
 114  5.7000 -0.4455  20 3.527774e-01 2.054874e-02 1.000000e+00 1.000000e+00 0.065197
 115  5.7500 -0.4619  16 3.959620e-01 2.324409e-02 1.000000e+00 1.000000e+00 0.068871
 116  5.8000 -0.4755  15 4.349939e-01 2.537644e-02 1.000000e+00 1.000000e+00 0.073462
 117  5.8500 -0.4862  14 4.724881e-01 2.728743e-02 1.000000e+00 1.000000e+00 0.074380
 118  5.9000 -0.4938  13 5.735611e-01 3.131361e-02 1.000000e+00 1.000000e+00 0.076217
 119  5.9500 -0.4985  12 6.955456e-01 3.435017e-02 1.000000e+00 1.000000e+00 0.077135
 120  6.0000 -0.5000  11 8.061192e-01 3.597285e-02 1.000000e+00 1.000000e+00 0.079890
