# Phase G two-Stokes operator-split: etd1
# η_eff_frozen=4.761905e-02
# columns: step, t, V_top, snes_VE, snes_pl, sigma_eq_max_VE, sigma_eq_max_total, sigma_eq_max_admissible, u_VE_y_max, u_pl_y_max, yielded_fraction
   1  0.0500 +0.4985   1   1 4.228343e-02 8.353688e-02 8.353688e-02 1.648185e-05 4.298041e-05 0.050505
   2  0.1000 +0.4938   1   1 1.338467e-01 1.816076e-01 1.816076e-01 3.708296e-03 9.478455e-04 0.074380
   3  0.1500 +0.4862   1   1 2.452311e-01 3.157243e-01 3.157243e-01 1.747473e-02 5.139399e-03 0.082645
   4  0.2000 +0.4755   1   1 3.648172e-01 4.679188e-01 4.679188e-01 2.889278e-02 1.267561e-02 0.089073
   5  0.2500 +0.4619   1   1 4.931296e-01 6.339584e-01 6.339584e-01 3.579862e-02 2.149520e-02 0.089991
   6  0.3000 +0.4455   1   1 6.767704e-01 8.497245e-01 8.497245e-01 3.897289e-02 3.006446e-02 0.097337
   7  0.3500 +0.4263   1   1 9.090430e-01 1.212227e+00 1.212227e+00 4.101584e-02 3.668803e-02 0.099174
   8  0.4000 +0.4045   1   1 1.177608e+00 1.653585e+00 1.653585e+00 4.391562e-02 5.371288e-02 0.100092
   9  0.4500 +0.3802   1   1 1.449137e+00 2.110172e+00 2.110172e+00 4.712469e-02 8.371426e-02 0.100092
  10  0.5000 +0.3536   1   1 1.678351e+00 2.495996e+00 2.495996e+00 4.919130e-02 1.114959e-01 0.100092
  11  0.5500 +0.3247   1   1 2.154955e+00 3.456698e+00 3.456698e+00 8.103724e-02 1.412088e-01 0.100092
  12  0.6000 +0.2939   1   1 2.587359e+00 4.273581e+00 4.273581e+00 1.076910e-01 2.047298e-01 0.101928
  13  0.6500 +0.2612   1   1 2.775767e+00 4.611472e+00 4.611472e+00 1.521676e-01 2.393180e-01 0.101928
  14  0.7000 +0.2270   1   1 2.703669e+00 4.442758e+00 4.442758e+00 2.165808e-01 2.377984e-01 0.100092
  15  0.7500 +0.1913   1   1 2.634097e+00 4.189665e+00 4.189665e+00 2.437180e-01 2.071882e-01 0.096419
  16  0.8000 +0.1545   1   1 2.450862e+00 3.809074e+00 3.809074e+00 2.355259e-01 1.470401e-01 0.093664
  17  0.8500 +0.1167   1   1 2.076273e+00 2.907532e+00 2.907532e+00 1.855852e-01 9.025236e-02 0.089991
  18  0.9000 +0.0782   1   1 1.938055e+00 2.634946e+00 2.634946e+00 1.349406e-01 4.948152e-02 0.082645
  19  0.9500 +0.0392   1   1 1.637303e+00 2.072370e+00 2.072370e+00 6.486592e-02 3.714019e-02 0.077135
  20  1.0000 -0.0000   1   1 1.393603e+00 1.648510e+00 1.648510e+00 4.490199e-02 2.217466e-02 0.065197
  21  1.0500 -0.0392   1   1 1.227265e+00 1.401392e+00 1.401392e+00 2.989512e-02 1.111236e-02 0.054178
  22  1.1000 -0.0782   1   1 1.102303e+00 1.235347e+00 1.235347e+00 1.687911e-02 1.131177e-02 0.037649
  23  1.1500 -0.1167   1   1 9.897544e-01 1.086570e+00 1.086570e+00 1.328152e-02 9.557927e-03 0.006428
  24  1.2000 -0.1545   1   1 8.944513e-01 9.684075e-01 9.684075e-01 9.791643e-03 9.723986e-03 0.004591
  25  1.2500 -0.1913   1   1 8.114818e-01 8.727156e-01 8.727156e-01 8.462881e-03 9.821042e-03 0.011938
  26  1.3000 -0.2270   1   1 7.333416e-01 7.861862e-01 7.861862e-01 8.404212e-03 9.907685e-03 0.040404
  27  1.3500 -0.2612   1   1 6.561896e-01 7.038870e-01 7.038870e-01 8.380816e-03 9.955806e-03 0.058770
  28  1.4000 -0.2939   1   1 5.776439e-01 6.231668e-01 6.231668e-01 1.182627e-02 9.941190e-03 0.067034
  29  1.4500 -0.3247   1   1 4.980084e-01 5.448549e-01 5.448549e-01 1.662201e-02 1.068939e-02 0.076217
  30  1.5000 -0.3536   1   1 4.198138e-01 4.728574e-01 4.728574e-01 2.200783e-02 1.253828e-02 0.078972
  31  1.5500 -0.3802   1   1 3.703329e-01 5.377762e-01 5.377762e-01 2.687670e-02 1.504018e-02 0.084481
  32  1.6000 -0.4045   1   1 5.071143e-01 7.587619e-01 7.587619e-01 3.089766e-02 1.851831e-02 0.087236
  33  1.6500 -0.4263   1   1 7.310406e-01 1.138017e+00 1.138017e+00 3.400894e-02 3.383885e-02 0.089073
  34  1.7000 -0.4455   1   1 1.289662e+00 2.341276e+00 2.341276e+00 3.869493e-02 7.049121e-02 0.090909
  35  1.7500 -0.4619   1   1 2.966282e+00 5.434488e+00 5.434488e+00 5.936084e-02 1.622793e-01 0.093664
  36  1.8000 -0.4755   1   1 6.785056e+00 1.250391e+01 1.250391e+01 1.443445e-01 3.728532e-01 0.100092
  37  1.8500 -0.4862   1   1 1.557334e+01 2.878723e+01 2.878723e+01 3.612655e-01 9.843966e-01 0.106520
  38  1.9000 -0.4938   1   1 3.538998e+01 6.561595e+01 6.561595e+01 7.871726e-01 2.473244e+00 0.112029
  39  1.9500 -0.4985   1   1 7.063478e+01 1.314397e+02 1.314397e+02 3.060833e+00 5.416528e+00 0.110193
