# Phase G v5 custom constitutive (use_yield_lagged_alpha=False): v5b_etd2_blend50
# columns: step, t, V_top, snes, sigma_eq_max, u_y_max, eta_lag_min, eta_lag_max, yielded_fraction
   1  0.0500 +0.4985   1 3.180100e-02 1.648399e-05 4.761905e-02 4.761905e-02 0.000000
   2  0.1000 +0.4938   1 7.226392e-02 1.270551e-04 4.761905e-02 4.761905e-02 0.043159
   3  0.1500 +0.4862   3 1.339306e-01 8.824381e-03 4.761905e-02 4.761905e-02 0.057851
   4  0.2000 +0.4755   3 2.248178e-01 2.093133e-02 4.761905e-02 4.761905e-02 0.065197
   5  0.2500 +0.4619   2 3.304307e-01 2.162863e-02 4.761905e-02 4.761905e-02 0.072544
   6  0.3000 +0.4455   2 4.603946e-01 2.462904e-02 4.761905e-02 4.761905e-02 0.074380
   7  0.3500 +0.4263   2 5.806967e-01 2.510922e-02 4.761905e-02 4.761905e-02 0.074380
   8  0.4000 +0.4045   2 6.878255e-01 2.485116e-02 4.761905e-02 4.761905e-02 0.076217
   9  0.4500 +0.3802   1 7.767630e-01 2.444803e-02 4.761905e-02 4.761905e-02 0.079890
  10  0.5000 +0.3536   1 8.460746e-01 2.391572e-02 4.761905e-02 4.761905e-02 0.081726
  11  0.5500 +0.3247   1 8.969635e-01 2.244936e-02 4.761905e-02 4.761905e-02 0.081726
  12  0.6000 +0.2939   1 9.311392e-01 2.043431e-02 4.761905e-02 4.761905e-02 0.081726
  13  0.6500 +0.2612   2 9.502863e-01 1.825300e-02 4.761905e-02 4.761905e-02 0.081726
  14  0.7000 +0.2270   2 9.557175e-01 1.618763e-02 4.761905e-02 4.761905e-02 0.081726
  15  0.7500 +0.1913   2 9.484055e-01 1.413375e-02 4.761905e-02 4.761905e-02 0.081726
  16  0.8000 +0.1545   2 9.292022e-01 1.197679e-02 4.761905e-02 4.761905e-02 0.081726
  17  0.8500 +0.1167   2 8.986866e-01 1.085309e-02 4.761905e-02 4.761905e-02 0.081726
  18  0.9000 +0.0782   2 8.582903e-01 9.980782e-03 4.761905e-02 4.761905e-02 0.081726
  19  0.9500 +0.0392   2 8.346343e-01 8.777384e-03 4.761905e-02 4.761905e-02 0.081726
  20  1.0000 -0.0000   4 8.033675e-01 7.310886e-03 4.761905e-02 4.761905e-02 0.077135
  21  1.0500 -0.0392   3 7.654776e-01 6.069158e-03 4.761905e-02 4.761905e-02 0.074380
  22  1.1000 -0.0782   2 7.214494e-01 4.363805e-03 4.761905e-02 4.761905e-02 0.072544
  23  1.1500 -0.1167   2 6.763657e-01 3.213999e-03 4.761905e-02 4.761905e-02 0.059688
  24  1.2000 -0.1545   2 6.293422e-01 2.798531e-03 4.761905e-02 4.761905e-02 0.016529
  25  1.2500 -0.1913   2 5.813080e-01 2.652647e-03 4.761905e-02 4.761905e-02 0.000000
  26  1.3000 -0.2270   1 5.333012e-01 2.478411e-03 4.761905e-02 4.761905e-02 0.000000
  27  1.3500 -0.2612   1 4.843182e-01 2.329128e-03 4.761905e-02 4.761905e-02 0.000000
  28  1.4000 -0.2939   1 4.348441e-01 2.143896e-03 4.761905e-02 4.761905e-02 0.016529
  29  1.4500 -0.3247   1 3.852102e-01 1.865864e-03 4.761905e-02 4.761905e-02 0.031221
  30  1.5000 -0.3536   2 3.341912e-01 3.251486e-03 4.761905e-02 4.761905e-02 0.047750
  31  1.5500 -0.3802   3 2.740014e-01 9.963994e-03 4.761905e-02 4.761905e-02 0.056015
  32  1.6000 -0.4045   2 2.434170e-01 1.476555e-02 4.761905e-02 4.761905e-02 0.056015
  33  1.6500 -0.4263   2 2.596502e-01 1.851214e-02 4.761905e-02 4.761905e-02 0.063361
  34  1.7000 -0.4455   2 3.162007e-01 2.181765e-02 4.761905e-02 4.761905e-02 0.066116
  35  1.7500 -0.4619   2 3.702635e-01 2.503657e-02 4.761905e-02 4.761905e-02 0.073462
  36  1.8000 -0.4755   2 4.206736e-01 2.749104e-02 4.761905e-02 4.761905e-02 0.074380
  37  1.8500 -0.4862   2 5.050322e-01 3.212401e-02 4.761905e-02 4.761905e-02 0.074380
  38  1.9000 -0.4938   2 6.361949e-01 3.706950e-02 4.761905e-02 4.761905e-02 0.077135
  39  1.9500 -0.4985   2 7.541082e-01 4.063142e-02 4.761905e-02 4.761905e-02 0.079890
  40  2.0000 -0.5000   1 8.598403e-01 4.255368e-02 4.761905e-02 4.761905e-02 0.081726
  41  2.0500 -0.4985   1 9.547821e-01 4.316198e-02 4.761905e-02 4.761905e-02 0.082645
  42  2.1000 -0.4938   1 1.040024e+00 4.275062e-02 4.761905e-02 4.761905e-02 0.083563
  43  2.1500 -0.4862   1 1.118092e+00 4.153077e-02 4.761905e-02 4.761905e-02 0.083563
  44  2.2000 -0.4755   1 1.202546e+00 3.975036e-02 4.761905e-02 4.761905e-02 0.085399
  45  2.2500 -0.4619   1 1.275276e+00 3.768080e-02 4.761905e-02 4.761905e-02 0.085399
  46  2.3000 -0.4455   1 1.336047e+00 3.552824e-02 4.761905e-02 4.761905e-02 0.086318
  47  2.3500 -0.4263   1 1.384036e+00 3.326094e-02 4.761905e-02 4.761905e-02 0.087236
  48  2.4000 -0.4045   1 1.418708e+00 3.113171e-02 4.761905e-02 4.761905e-02 0.089991
  49  2.4500 -0.3802   2 1.440036e+00 2.883651e-02 4.761905e-02 4.761905e-02 0.089991
  50  2.5000 -0.3536   2 1.448076e+00 2.665400e-02 4.761905e-02 4.761905e-02 0.090909
  51  2.5500 -0.3247   2 1.443135e+00 2.457085e-02 4.761905e-02 4.761905e-02 0.090909
  52  2.6000 -0.2939   2 1.426099e+00 2.243991e-02 4.761905e-02 4.761905e-02 0.089991
  53  2.6500 -0.2612   2 1.439604e+00 2.009419e-02 4.761905e-02 4.761905e-02 0.089073
  54  2.7000 -0.2270   2 1.443461e+00 1.801615e-02 4.761905e-02 4.761905e-02 0.089073
  55  2.7500 -0.1913   2 1.438022e+00 1.607635e-02 4.761905e-02 4.761905e-02 0.089073
  56  2.8000 -0.1545   2 1.423257e+00 1.453180e-02 4.761905e-02 4.761905e-02 0.089073
  57  2.8500 -0.1167   2 1.399287e+00 1.292793e-02 4.761905e-02 4.761905e-02 0.088154
  58  2.9000 -0.0782   2 1.365918e+00 1.157928e-02 4.761905e-02 4.761905e-02 0.084481
  59  2.9500 -0.0392   2 1.323194e+00 1.013209e-02 4.761905e-02 4.761905e-02 0.081726
  60  3.0000 -0.0000   3 1.272807e+00 8.524034e-03 4.761905e-02 4.761905e-02 0.081726
  61  3.0500 +0.0392   3 1.219410e+00 7.031880e-03 4.761905e-02 4.761905e-02 0.081726
  62  3.1000 +0.0782   2 1.155207e+00 6.035565e-03 4.761905e-02 4.761905e-02 0.074380
  63  3.1500 +0.1167   2 1.086409e+00 5.439815e-03 4.761905e-02 4.761905e-02 0.061524
  64  3.2000 +0.1545   2 1.017135e+00 4.410007e-03 4.761905e-02 4.761905e-02 0.020202
  65  3.2500 +0.1913   2 9.472432e-01 3.817689e-03 4.761905e-02 4.761905e-02 0.001837
  66  3.3000 +0.2270   2 8.776862e-01 3.455042e-03 4.761905e-02 4.761905e-02 0.000000
  67  3.3500 +0.2612   1 8.093646e-01 3.225720e-03 4.761905e-02 4.761905e-02 0.000918
  68  3.4000 +0.2939   1 7.418284e-01 3.049519e-03 4.761905e-02 4.761905e-02 0.015611
  69  3.4500 +0.3247   1 6.750337e-01 2.794408e-03 4.761905e-02 4.761905e-02 0.030303
  70  3.5000 +0.3536   2 6.082610e-01 3.267278e-03 4.761905e-02 4.761905e-02 0.047750
  71  3.5500 +0.3802   3 5.343820e-01 9.103167e-03 4.761905e-02 4.761905e-02 0.056015
  72  3.6000 +0.4045   2 4.505316e-01 1.348268e-02 4.761905e-02 4.761905e-02 0.056015
  73  3.6500 +0.4263   2 3.683239e-01 1.716221e-02 4.761905e-02 4.761905e-02 0.063361
  74  3.7000 +0.4455   2 3.724753e-01 2.008011e-02 4.761905e-02 4.761905e-02 0.065197
  75  3.7500 +0.4619   2 3.836596e-01 2.377997e-02 4.761905e-02 4.761905e-02 0.069789
  76  3.8000 +0.4755   2 4.226178e-01 2.702718e-02 4.761905e-02 4.761905e-02 0.073462
  77  3.8500 +0.4862   2 4.653598e-01 2.944544e-02 4.761905e-02 4.761905e-02 0.074380
  78  3.9000 +0.4938   2 5.461220e-01 3.222616e-02 4.761905e-02 4.761905e-02 0.076217
  79  3.9500 +0.4985   2 6.804111e-01 3.657776e-02 4.761905e-02 4.761905e-02 0.076217
  80  4.0000 +0.5000   1 8.020752e-01 4.000435e-02 4.761905e-02 4.761905e-02 0.079890
  81  4.0500 +0.4985   1 9.120188e-01 4.247921e-02 4.761905e-02 4.761905e-02 0.081726
  82  4.1000 +0.4938   1 1.009823e+00 4.420171e-02 4.761905e-02 4.761905e-02 0.082645
  83  4.1500 +0.4862   1 1.094697e+00 4.498533e-02 4.761905e-02 4.761905e-02 0.082645
  84  4.2000 +0.4755   1 1.166025e+00 4.484949e-02 4.761905e-02 4.761905e-02 0.083563
  85  4.2500 +0.4619   1 1.223525e+00 4.385768e-02 4.761905e-02 4.761905e-02 0.085399
  86  4.3000 +0.4455   1 1.267802e+00 4.210756e-02 4.761905e-02 4.761905e-02 0.085399
  87  4.3500 +0.4263   1 1.300533e+00 3.973088e-02 4.761905e-02 4.761905e-02 0.086318
  88  4.4000 +0.4045   1 1.323130e+00 3.692825e-02 4.761905e-02 4.761905e-02 0.087236
  89  4.4500 +0.3802   1 1.337699e+00 3.354913e-02 4.761905e-02 4.761905e-02 0.087236
  90  4.5000 +0.3536   1 1.357089e+00 3.001513e-02 4.761905e-02 4.761905e-02 0.087236
  91  4.5500 +0.3247   1 1.387107e+00 2.635550e-02 4.761905e-02 4.761905e-02 0.088154
  92  4.6000 +0.2939   2 1.404059e+00 2.295932e-02 4.761905e-02 4.761905e-02 0.088154
  93  4.6500 +0.2612   2 1.415385e+00 2.092322e-02 4.761905e-02 4.761905e-02 0.088154
  94  4.7000 +0.2270   2 1.417113e+00 1.870415e-02 4.761905e-02 4.761905e-02 0.088154
  95  4.7500 +0.1913   2 1.408119e+00 1.658352e-02 4.761905e-02 4.761905e-02 0.088154
  96  4.8000 +0.1545   2 1.389392e+00 1.573405e-02 4.761905e-02 4.761905e-02 0.087236
  97  4.8500 +0.1167   2 1.361333e+00 1.456853e-02 4.761905e-02 4.761905e-02 0.087236
  98  4.9000 +0.0782   2 1.324193e+00 1.307036e-02 4.761905e-02 4.761905e-02 0.083563
  99  4.9500 +0.0392   2 1.277721e+00 1.128832e-02 4.761905e-02 4.761905e-02 0.081726
 100  5.0000 +0.0000   4 1.222229e+00 9.342353e-03 4.761905e-02 4.761905e-02 0.081726
 101  5.0500 -0.0392   3 1.160204e+00 8.293818e-03 4.761905e-02 4.761905e-02 0.081726
 102  5.1000 -0.0782   2 1.090559e+00 5.933937e-03 4.761905e-02 4.761905e-02 0.075298
 103  5.1500 -0.1167   2 1.024148e+00 4.849013e-03 4.761905e-02 4.761905e-02 0.062443
 104  5.2000 -0.1545   2 9.577602e-01 4.027084e-03 4.761905e-02 4.761905e-02 0.017447
 105  5.2500 -0.1913   2 8.902658e-01 3.653688e-03 4.761905e-02 4.761905e-02 0.000918
 106  5.3000 -0.2270   1 8.236806e-01 3.486735e-03 4.761905e-02 4.761905e-02 0.000000
 107  5.3500 -0.2612   2 7.582138e-01 3.217008e-03 4.761905e-02 4.761905e-02 0.000918
 108  5.4000 -0.2939   1 6.926006e-01 2.987662e-03 4.761905e-02 4.761905e-02 0.015611
 109  5.4500 -0.3247   1 6.278536e-01 2.781319e-03 4.761905e-02 4.761905e-02 0.031221
 110  5.5000 -0.3536   2 5.627933e-01 3.422183e-03 4.761905e-02 4.761905e-02 0.048669
 111  5.5500 -0.3802   3 4.891162e-01 9.758036e-03 4.761905e-02 4.761905e-02 0.056015
 112  5.6000 -0.4045   2 4.032137e-01 1.471740e-02 4.761905e-02 4.761905e-02 0.056015
 113  5.6500 -0.4263   2 3.507403e-01 1.841676e-02 4.761905e-02 4.761905e-02 0.063361
 114  5.7000 -0.4455   2 3.513516e-01 2.135873e-02 4.761905e-02 4.761905e-02 0.066116
 115  5.7500 -0.4619   2 3.980193e-01 2.444534e-02 4.761905e-02 4.761905e-02 0.068871
 116  5.8000 -0.4755   2 4.370533e-01 2.729446e-02 4.761905e-02 4.761905e-02 0.073462
 117  5.8500 -0.4862   2 4.750571e-01 3.246651e-02 4.761905e-02 4.761905e-02 0.074380
 118  5.9000 -0.4938   2 5.653324e-01 3.737902e-02 4.761905e-02 4.761905e-02 0.076217
 119  5.9500 -0.4985   2 6.847233e-01 4.095432e-02 4.761905e-02 4.761905e-02 0.077135
 120  6.0000 -0.5000   1 7.925301e-01 4.293896e-02 4.761905e-02 4.761905e-02 0.079890
