# Phase G v5 custom constitutive (use_yield_lagged_alpha=False): v5b_bdf2_blend10
# columns: step, t, V_top, snes, sigma_eq_max, u_y_max, eta_lag_min, eta_lag_max, yielded_fraction
   1  0.0500 +0.4985   1 4.128560e-02 1.648464e-05 4.761905e-02 4.761905e-02 0.000000
   2  0.1000 +0.4938   1 8.039679e-02 1.799421e-04 4.761905e-02 4.761905e-02 0.046832
   3  0.1500 +0.4862   4 1.511693e-01 1.013491e-02 4.761905e-02 4.761905e-02 0.059688
   4  0.2000 +0.4755   2 2.393555e-01 1.904326e-02 4.761905e-02 4.761905e-02 0.067034
   5  0.2500 +0.4619   2 3.529501e-01 2.125989e-02 4.761905e-02 4.761905e-02 0.074380
   6  0.3000 +0.4455   2 4.835580e-01 2.333862e-02 4.761905e-02 4.761905e-02 0.074380
   7  0.3500 +0.4263   2 6.057030e-01 2.421172e-02 4.761905e-02 4.761905e-02 0.075298
   8  0.4000 +0.4045   2 7.146505e-01 2.350976e-02 4.761905e-02 4.761905e-02 0.076217
   9  0.4500 +0.3802   1 8.049903e-01 2.210672e-02 4.761905e-02 4.761905e-02 0.079890
  10  0.5000 +0.3536   1 8.753693e-01 2.101508e-02 4.761905e-02 4.761905e-02 0.081726
  11  0.5500 +0.3247   1 9.265365e-01 2.029723e-02 4.761905e-02 4.761905e-02 0.081726
  12  0.6000 +0.2939   2 9.598342e-01 1.915728e-02 4.761905e-02 4.761905e-02 0.081726
  13  0.6500 +0.2612   2 9.767916e-01 1.760855e-02 4.761905e-02 4.761905e-02 0.081726
  14  0.7000 +0.2270   2 9.790992e-01 1.566556e-02 4.761905e-02 4.761905e-02 0.081726
  15  0.7500 +0.1913   2 9.681967e-01 1.342873e-02 4.761905e-02 4.761905e-02 0.081726
  16  0.8000 +0.1545   2 9.451658e-01 1.098652e-02 4.761905e-02 4.761905e-02 0.081726
  17  0.8500 +0.1167   2 9.110513e-01 1.030818e-02 4.761905e-02 4.761905e-02 0.081726
  18  0.9000 +0.0782   2 8.676400e-01 9.476835e-03 4.761905e-02 4.761905e-02 0.081726
  19  0.9500 +0.0392   3 8.174129e-01 8.259719e-03 4.761905e-02 4.761905e-02 0.081726
  20  1.0000 -0.0000   4 7.846318e-01 6.766840e-03 4.761905e-02 4.761905e-02 0.075298
  21  1.0500 -0.0392   3 7.486801e-01 5.425042e-03 4.761905e-02 4.761905e-02 0.074380
  22  1.1000 -0.0782   2 7.069893e-01 4.144262e-03 4.761905e-02 4.761905e-02 0.071625
  23  1.1500 -0.1167   2 6.638697e-01 2.986994e-03 4.761905e-02 4.761905e-02 0.056933
  24  1.2000 -0.1545   2 6.196151e-01 2.522722e-03 4.761905e-02 4.761905e-02 0.009183
  25  1.2500 -0.1913   2 5.749737e-01 2.364384e-03 4.761905e-02 4.761905e-02 0.000000
  26  1.3000 -0.2270   1 5.304769e-01 2.231165e-03 4.761905e-02 4.761905e-02 0.000000
  27  1.3500 -0.2612   1 4.849105e-01 2.087414e-03 4.761905e-02 4.761905e-02 0.000918
  28  1.4000 -0.2939   1 4.390402e-01 1.882517e-03 4.761905e-02 4.761905e-02 0.021120
  29  1.4500 -0.3247   1 3.929612e-01 1.651504e-03 4.761905e-02 4.761905e-02 0.032140
  30  1.5000 -0.3536   2 3.448874e-01 2.934225e-03 4.761905e-02 4.761905e-02 0.048669
  31  1.5500 -0.3802   3 2.871420e-01 8.867461e-03 4.761905e-02 4.761905e-02 0.056015
  32  1.6000 -0.4045   2 2.650584e-01 1.385149e-02 4.761905e-02 4.761905e-02 0.056015
  33  1.6500 -0.4263   2 2.802899e-01 1.802585e-02 4.761905e-02 4.761905e-02 0.063361
  34  1.7000 -0.4455   2 3.178765e-01 2.095234e-02 4.761905e-02 4.761905e-02 0.066116
  35  1.7500 -0.4619   2 3.684382e-01 2.391948e-02 4.761905e-02 4.761905e-02 0.071625
  36  1.8000 -0.4755   2 4.242087e-01 2.613894e-02 4.761905e-02 4.761905e-02 0.074380
  37  1.8500 -0.4862   2 5.273037e-01 2.864920e-02 4.761905e-02 4.761905e-02 0.074380
  38  1.9000 -0.4938   2 6.317571e-01 3.286092e-02 4.761905e-02 4.761905e-02 0.076217
  39  1.9500 -0.4985   2 7.481768e-01 3.561962e-02 4.761905e-02 4.761905e-02 0.078972
  40  2.0000 -0.5000   1 8.590100e-01 3.677311e-02 4.761905e-02 4.761905e-02 0.081726
  41  2.0500 -0.4985   2 9.595608e-01 3.642778e-02 4.761905e-02 4.761905e-02 0.082645
  42  2.1000 -0.4938   2 1.050813e+00 3.617959e-02 4.761905e-02 4.761905e-02 0.083563
  43  2.1500 -0.4862   2 1.134047e+00 3.669048e-02 4.761905e-02 4.761905e-02 0.084481
  44  2.2000 -0.4755   2 1.228056e+00 3.737914e-02 4.761905e-02 4.761905e-02 0.085399
  45  2.2500 -0.4619   2 1.311049e+00 3.834810e-02 4.761905e-02 4.761905e-02 0.086318
  46  2.3000 -0.4455   1 1.382152e+00 3.822690e-02 4.761905e-02 4.761905e-02 0.088154
  47  2.3500 -0.4263   2 1.440086e+00 3.736380e-02 4.761905e-02 4.761905e-02 0.088154
  48  2.4000 -0.4045   2 1.483979e+00 3.556339e-02 4.761905e-02 4.761905e-02 0.089073
  49  2.4500 -0.3802   2 1.513283e+00 3.255468e-02 4.761905e-02 4.761905e-02 0.090909
  50  2.5000 -0.3536   2 1.527647e+00 2.875689e-02 4.761905e-02 4.761905e-02 0.091827
  51  2.5500 -0.3247   2 1.527488e+00 2.616801e-02 4.761905e-02 4.761905e-02 0.090909
  52  2.6000 -0.2939   2 1.513210e+00 2.551219e-02 4.761905e-02 4.761905e-02 0.089073
  53  2.6500 -0.2612   2 1.485015e+00 2.369346e-02 4.761905e-02 4.761905e-02 0.089073
  54  2.7000 -0.2270   2 1.454014e+00 2.079430e-02 4.761905e-02 4.761905e-02 0.089991
  55  2.7500 -0.1913   2 1.450932e+00 1.831330e-02 4.761905e-02 4.761905e-02 0.089991
  56  2.8000 -0.1545   2 1.438196e+00 1.551051e-02 4.761905e-02 4.761905e-02 0.088154
  57  2.8500 -0.1167   2 1.415310e+00 1.391803e-02 4.761905e-02 4.761905e-02 0.088154
  58  2.9000 -0.0782   2 1.382308e+00 1.201815e-02 4.761905e-02 4.761905e-02 0.086318
  59  2.9500 -0.0392   2 1.338964e+00 1.002358e-02 4.761905e-02 4.761905e-02 0.082645
  60  3.0000 -0.0000   4 1.286915e+00 8.982117e-03 4.761905e-02 4.761905e-02 0.082645
  61  3.0500 +0.0392   4 1.234121e+00 7.653386e-03 4.761905e-02 4.761905e-02 0.079890
  62  3.1000 +0.0782   3 1.171846e+00 6.293866e-03 4.761905e-02 4.761905e-02 0.072544
  63  3.1500 +0.1167   2 1.105170e+00 5.275199e-03 4.761905e-02 4.761905e-02 0.056933
  64  3.2000 +0.1545   2 1.039712e+00 4.282975e-03 4.761905e-02 4.761905e-02 0.016529
  65  3.2500 +0.1913   2 9.746426e-01 3.517436e-03 4.761905e-02 4.761905e-02 0.001837
  66  3.3000 +0.2270   2 9.109175e-01 3.064843e-03 4.761905e-02 4.761905e-02 0.000918
  67  3.3500 +0.2612   1 8.490625e-01 2.807322e-03 4.761905e-02 4.761905e-02 0.003673
  68  3.4000 +0.2939   1 7.882245e-01 2.626511e-03 4.761905e-02 4.761905e-02 0.019284
  69  3.4500 +0.3247   1 7.283410e-01 2.343002e-03 4.761905e-02 4.761905e-02 0.032140
  70  3.5000 +0.3536   2 6.678598e-01 2.972784e-03 4.761905e-02 4.761905e-02 0.048669
  71  3.5500 +0.3802   3 5.995261e-01 8.056458e-03 4.761905e-02 4.761905e-02 0.056015
  72  3.6000 +0.4045   2 5.213131e-01 1.305351e-02 4.761905e-02 4.761905e-02 0.056015
  73  3.6500 +0.4263   2 4.350921e-01 1.702166e-02 4.761905e-02 4.761905e-02 0.063361
  74  3.7000 +0.4455   2 4.185300e-01 2.016042e-02 4.761905e-02 4.761905e-02 0.065197
  75  3.7500 +0.4619   2 4.131200e-01 2.397001e-02 4.761905e-02 4.761905e-02 0.069789
  76  3.8000 +0.4755   2 4.238809e-01 2.744145e-02 4.761905e-02 4.761905e-02 0.072544
  77  3.8500 +0.4862   2 4.677834e-01 2.992533e-02 4.761905e-02 4.761905e-02 0.074380
  78  3.9000 +0.4938   2 5.502224e-01 3.183075e-02 4.761905e-02 4.761905e-02 0.076217
  79  3.9500 +0.4985   2 6.573164e-01 3.398537e-02 4.761905e-02 4.761905e-02 0.077135
  80  4.0000 +0.5000   1 7.705800e-01 3.481803e-02 4.761905e-02 4.761905e-02 0.079890
  81  4.0500 +0.4985   1 8.883686e-01 3.680703e-02 4.761905e-02 4.761905e-02 0.081726
  82  4.1000 +0.4938   1 9.935879e-01 3.817154e-02 4.761905e-02 4.761905e-02 0.082645
  83  4.1500 +0.4862   1 1.084973e+00 3.864923e-02 4.761905e-02 4.761905e-02 0.082645
  84  4.2000 +0.4755   1 1.161367e+00 3.825090e-02 4.761905e-02 4.761905e-02 0.084481
  85  4.2500 +0.4619   1 1.222291e+00 3.708866e-02 4.761905e-02 4.761905e-02 0.085399
  86  4.3000 +0.4455   1 1.268195e+00 3.522431e-02 4.761905e-02 4.761905e-02 0.086318
  87  4.3500 +0.4263   1 1.300731e+00 3.275949e-02 4.761905e-02 4.761905e-02 0.087236
  88  4.4000 +0.4045   1 1.325549e+00 2.991643e-02 4.761905e-02 4.761905e-02 0.087236
  89  4.4500 +0.3802   1 1.355022e+00 2.712872e-02 4.761905e-02 4.761905e-02 0.087236
  90  4.5000 +0.3536   1 1.371717e+00 2.600206e-02 4.761905e-02 4.761905e-02 0.088154
  91  4.5500 +0.3247   2 1.375504e+00 2.457392e-02 4.761905e-02 4.761905e-02 0.088154
  92  4.6000 +0.2939   2 1.366000e+00 2.280143e-02 4.761905e-02 4.761905e-02 0.089073
  93  4.6500 +0.2612   2 1.378349e+00 2.070359e-02 4.761905e-02 4.761905e-02 0.089073
  94  4.7000 +0.2270   2 1.382518e+00 1.836517e-02 4.761905e-02 4.761905e-02 0.088154
  95  4.7500 +0.1913   2 1.376504e+00 1.749762e-02 4.761905e-02 4.761905e-02 0.088154
  96  4.8000 +0.1545   2 1.360720e+00 1.644775e-02 4.761905e-02 4.761905e-02 0.088154
  97  4.8500 +0.1167   2 1.335130e+00 1.496963e-02 4.761905e-02 4.761905e-02 0.087236
  98  4.9000 +0.0782   2 1.299559e+00 1.329388e-02 4.761905e-02 4.761905e-02 0.083563
  99  4.9500 +0.0392   3 1.254159e+00 1.131042e-02 4.761905e-02 4.761905e-02 0.081726
 100  5.0000 +0.0000   4 1.199860e+00 9.128099e-03 4.761905e-02 4.761905e-02 0.081726
 101  5.0500 -0.0392   3 1.140184e+00 8.040539e-03 4.761905e-02 4.761905e-02 0.081726
 102  5.1000 -0.0782   2 1.073902e+00 5.959875e-03 4.761905e-02 4.761905e-02 0.072544
 103  5.1500 -0.1167   2 1.010843e+00 4.487965e-03 4.761905e-02 4.761905e-02 0.056933
 104  5.2000 -0.1545   2 9.481868e-01 3.746765e-03 4.761905e-02 4.761905e-02 0.014692
 105  5.2500 -0.1913   2 8.859424e-01 3.364327e-03 4.761905e-02 4.761905e-02 0.000918
 106  5.3000 -0.2270   2 8.253179e-01 3.186642e-03 4.761905e-02 4.761905e-02 0.000000
 107  5.3500 -0.2612   1 7.651553e-01 2.965516e-03 4.761905e-02 4.761905e-02 0.000918
 108  5.4000 -0.2939   1 7.056786e-01 2.791212e-03 4.761905e-02 4.761905e-02 0.020202
 109  5.4500 -0.3247   1 6.469374e-01 2.541421e-03 4.761905e-02 4.761905e-02 0.033058
 110  5.5000 -0.3536   2 5.871880e-01 3.010240e-03 4.761905e-02 4.761905e-02 0.048669
 111  5.5500 -0.3802   3 5.180731e-01 8.557469e-03 4.761905e-02 4.761905e-02 0.056015
 112  5.6000 -0.4045   2 4.368112e-01 1.345066e-02 4.761905e-02 4.761905e-02 0.056015
 113  5.6500 -0.4263   2 3.813189e-01 1.761904e-02 4.761905e-02 4.761905e-02 0.063361
 114  5.7000 -0.4455   2 3.834747e-01 2.044704e-02 4.761905e-02 4.761905e-02 0.065197
 115  5.7500 -0.4619   2 3.987984e-01 2.325309e-02 4.761905e-02 4.761905e-02 0.067952
 116  5.8000 -0.4755   2 4.354315e-01 2.545906e-02 4.761905e-02 4.761905e-02 0.072544
 117  5.8500 -0.4862   2 4.850800e-01 2.894105e-02 4.761905e-02 4.761905e-02 0.074380
 118  5.9000 -0.4938   2 5.783654e-01 3.317069e-02 4.761905e-02 4.761905e-02 0.076217
 119  5.9500 -0.4985   2 6.742517e-01 3.593847e-02 4.761905e-02 4.761905e-02 0.078053
 120  6.0000 -0.5000   1 7.767720e-01 3.714712e-02 4.761905e-02 4.761905e-02 0.079890
