# Phase G v5 custom constitutive (use_yield_lagged_alpha=False): v5b_bdf2_blend25
# columns: step, t, V_top, snes, sigma_eq_max, u_y_max, eta_lag_min, eta_lag_max, yielded_fraction
   1  0.0500 +0.4985   1 4.128560e-02 1.648464e-05 4.761905e-02 4.761905e-02 0.000000
   2  0.1000 +0.4938   1 8.039679e-02 1.799421e-04 4.761905e-02 4.761905e-02 0.046832
   3  0.1500 +0.4862   4 1.515656e-01 1.089493e-02 4.761905e-02 4.761905e-02 0.059688
   4  0.2000 +0.4755   2 2.404275e-01 1.983919e-02 4.761905e-02 4.761905e-02 0.067034
   5  0.2500 +0.4619   2 3.573640e-01 2.164275e-02 4.761905e-02 4.761905e-02 0.074380
   6  0.3000 +0.4455   2 4.926642e-01 2.376677e-02 4.761905e-02 4.761905e-02 0.074380
   7  0.3500 +0.4263   2 6.210808e-01 2.405278e-02 4.761905e-02 4.761905e-02 0.076217
   8  0.4000 +0.4045   2 7.364554e-01 2.294084e-02 4.761905e-02 4.761905e-02 0.076217
   9  0.4500 +0.3802   2 8.322617e-01 2.247551e-02 4.761905e-02 4.761905e-02 0.079890
  10  0.5000 +0.3536   2 9.067866e-01 2.229638e-02 4.761905e-02 4.761905e-02 0.081726
  11  0.5500 +0.3247   2 9.603475e-01 2.161531e-02 4.761905e-02 4.761905e-02 0.081726
  12  0.6000 +0.2939   2 9.941957e-01 2.042058e-02 4.761905e-02 4.761905e-02 0.081726
  13  0.6500 +0.2612   2 1.010345e+00 1.875403e-02 4.761905e-02 4.761905e-02 0.081726
  14  0.7000 +0.2270   2 1.011199e+00 1.670147e-02 4.761905e-02 4.761905e-02 0.081726
  15  0.7500 +0.1913   2 9.987884e-01 1.434361e-02 4.761905e-02 4.761905e-02 0.081726
  16  0.8000 +0.1545   2 9.745881e-01 1.299679e-02 4.761905e-02 4.761905e-02 0.081726
  17  0.8500 +0.1167   2 9.393543e-01 1.234229e-02 4.761905e-02 4.761905e-02 0.081726
  18  0.9000 +0.0782   2 8.947153e-01 1.118695e-02 4.761905e-02 4.761905e-02 0.081726
  19  0.9500 +0.0392   3 8.510544e-01 9.564291e-03 4.761905e-02 4.761905e-02 0.081726
  20  1.0000 -0.0000   4 8.200915e-01 7.507793e-03 4.761905e-02 4.761905e-02 0.078053
  21  1.0500 -0.0392   3 7.822793e-01 6.409978e-03 4.761905e-02 4.761905e-02 0.074380
  22  1.1000 -0.0782   2 7.375879e-01 4.419921e-03 4.761905e-02 4.761905e-02 0.072544
  23  1.1500 -0.1167   2 6.924992e-01 3.197903e-03 4.761905e-02 4.761905e-02 0.055096
  24  1.2000 -0.1545   2 6.476855e-01 2.858270e-03 4.761905e-02 4.761905e-02 0.012856
  25  1.2500 -0.1913   2 6.035575e-01 2.683921e-03 4.761905e-02 4.761905e-02 0.000000
  26  1.3000 -0.2270   1 5.601732e-01 2.527327e-03 4.761905e-02 4.761905e-02 0.000000
  27  1.3500 -0.2612   1 5.163966e-01 2.348750e-03 4.761905e-02 4.761905e-02 0.000918
  28  1.4000 -0.2939   1 4.728465e-01 2.059111e-03 4.761905e-02 4.761905e-02 0.021120
  29  1.4500 -0.3247   1 4.295183e-01 1.817585e-03 4.761905e-02 4.761905e-02 0.032140
  30  1.5000 -0.3536   2 3.846124e-01 2.678429e-03 4.761905e-02 4.761905e-02 0.047750
  31  1.5500 -0.3802   3 3.304607e-01 8.911995e-03 4.761905e-02 4.761905e-02 0.056015
  32  1.6000 -0.4045   2 3.142410e-01 1.387948e-02 4.761905e-02 4.761905e-02 0.056015
  33  1.6500 -0.4263   2 3.265440e-01 1.848535e-02 4.761905e-02 4.761905e-02 0.063361
  34  1.7000 -0.4455   2 3.269023e-01 2.162324e-02 4.761905e-02 4.761905e-02 0.066116
  35  1.7500 -0.4619   2 3.775285e-01 2.472839e-02 4.761905e-02 4.761905e-02 0.070707
  36  1.8000 -0.4755   2 4.764886e-01 2.702157e-02 4.761905e-02 4.761905e-02 0.073462
  37  1.8500 -0.4862   2 5.985631e-01 2.986828e-02 4.761905e-02 4.761905e-02 0.074380
  38  1.9000 -0.4938   2 7.090310e-01 3.392461e-02 4.761905e-02 4.761905e-02 0.076217
  39  1.9500 -0.4985   2 8.060438e-01 3.587253e-02 4.761905e-02 4.761905e-02 0.077135
  40  2.0000 -0.5000   1 8.897978e-01 3.577970e-02 4.761905e-02 4.761905e-02 0.079890
  41  2.0500 -0.4985   2 9.616414e-01 3.872578e-02 4.761905e-02 4.761905e-02 0.081726
  42  2.1000 -0.4938   2 1.051041e+00 4.207576e-02 4.761905e-02 4.761905e-02 0.083563
  43  2.1500 -0.4862   2 1.154779e+00 4.687245e-02 4.761905e-02 4.761905e-02 0.084481
  44  2.2000 -0.4755   2 1.419434e+00 5.521813e-02 4.761905e-02 4.761905e-02 0.085399
  45  2.2500 -0.4619   2 1.708824e+00 6.208613e-02 4.761905e-02 4.761905e-02 0.088154
  46  2.3000 -0.4455   2 1.971121e+00 6.657483e-02 4.761905e-02 4.761905e-02 0.089073
  47  2.3500 -0.4263   2 2.163466e+00 6.757838e-02 4.761905e-02 4.761905e-02 0.089073
  48  2.4000 -0.4045   2 2.654793e+00 8.019268e-02 4.761905e-02 4.761905e-02 0.089991
  49  2.4500 -0.3802   2 3.539863e+00 9.123841e-02 4.761905e-02 4.761905e-02 0.090909
  50  2.5000 -0.3536   2 4.342150e+00 9.518637e-02 4.761905e-02 4.761905e-02 0.090909
  51  2.5500 -0.3247   2 4.863557e+00 9.247331e-02 4.761905e-02 4.761905e-02 0.090909
  52  2.6000 -0.2939   3 4.895507e+00 7.208413e-02 4.761905e-02 4.761905e-02 0.090909
  53  2.6500 -0.2612   2 5.045623e+00 9.721609e-02 4.761905e-02 4.761905e-02 0.089991
  54  2.7000 -0.2270   2 4.436183e+00 1.379152e-01 4.761905e-02 4.761905e-02 0.089073
  55  2.7500 -0.1913   2 3.317727e+00 1.531759e-01 4.761905e-02 4.761905e-02 0.089991
  56  2.8000 -0.1545   2 2.166050e+00 1.359423e-01 4.761905e-02 4.761905e-02 0.089073
  57  2.8500 -0.1167   2 1.549204e+00 1.052539e-01 4.761905e-02 4.761905e-02 0.088154
  58  2.9000 -0.0782   2 1.509098e+00 6.861954e-02 4.761905e-02 4.761905e-02 0.086318
  59  2.9500 -0.0392   3 1.457369e+00 3.405066e-02 4.761905e-02 4.761905e-02 0.085399
  60  3.0000 -0.0000   4 1.397435e+00 1.159194e-02 4.761905e-02 4.761905e-02 0.082645
  61  3.0500 +0.0392   3 1.336376e+00 9.793692e-03 4.761905e-02 4.761905e-02 0.080808
  62  3.1000 +0.0782   3 1.267797e+00 7.277785e-03 4.761905e-02 4.761905e-02 0.075298
  63  3.1500 +0.1167   2 1.196675e+00 6.319281e-03 4.761905e-02 4.761905e-02 0.056015
  64  3.2000 +0.1545   2 1.131061e+00 4.946482e-03 4.761905e-02 4.761905e-02 0.017447
  65  3.2500 +0.1913   2 1.068571e+00 3.900934e-03 4.761905e-02 4.761905e-02 0.004591
  66  3.3000 +0.2270   2 1.009403e+00 3.272057e-03 4.761905e-02 4.761905e-02 0.001837
  67  3.3500 +0.2612   1 9.539435e-01 2.978552e-03 4.761905e-02 4.761905e-02 0.001837
  68  3.4000 +0.2939   1 9.010852e-01 2.681314e-03 4.761905e-02 4.761905e-02 0.017447
  69  3.4500 +0.3247   2 8.502510e-01 2.744130e-03 4.761905e-02 4.761905e-02 0.033058
  70  3.5000 +0.3536   2 7.996810e-01 3.846605e-03 4.761905e-02 4.761905e-02 0.048669
  71  3.5500 +0.3802   3 7.423004e-01 1.036254e-02 4.761905e-02 4.761905e-02 0.055096
  72  3.6000 +0.4045   2 6.759290e-01 1.629207e-02 4.761905e-02 4.761905e-02 0.056933
  73  3.6500 +0.4263   2 6.020669e-01 2.133148e-02 4.761905e-02 4.761905e-02 0.064279
  74  3.7000 +0.4455   2 6.187814e-01 2.496913e-02 4.761905e-02 4.761905e-02 0.065197
  75  3.7500 +0.4619   2 6.441648e-01 2.772338e-02 4.761905e-02 4.761905e-02 0.067952
  76  3.8000 +0.4755   2 6.535458e-01 3.070445e-02 4.761905e-02 4.761905e-02 0.074380
  77  3.8500 +0.4862   2 6.475141e-01 3.373918e-02 4.761905e-02 4.761905e-02 0.075298
  78  3.9000 +0.4938   2 6.458252e-01 3.663120e-02 4.761905e-02 4.761905e-02 0.076217
  79  3.9500 +0.4985   2 7.395053e-01 3.815716e-02 4.761905e-02 4.761905e-02 0.077135
  80  4.0000 +0.5000   2 8.273850e-01 3.880711e-02 4.761905e-02 4.761905e-02 0.079890
  81  4.0500 +0.4985   2 9.102184e-01 3.792225e-02 4.761905e-02 4.761905e-02 0.080808
  82  4.1000 +0.4938   2 9.816000e-01 4.148412e-02 4.761905e-02 4.761905e-02 0.080808
  83  4.1500 +0.4862   1 1.216116e+00 4.408600e-02 4.761905e-02 4.761905e-02 0.082645
  84  4.2000 +0.4755   1 1.465426e+00 4.587738e-02 4.761905e-02 4.761905e-02 0.083563
  85  4.2500 +0.4619   1 1.716721e+00 4.527976e-02 4.761905e-02 4.761905e-02 0.084481
  86  4.3000 +0.4455   2 1.955300e+00 4.287682e-02 4.761905e-02 4.761905e-02 0.086318
  87  4.3500 +0.4263   2 2.169552e+00 5.736582e-02 4.761905e-02 4.761905e-02 0.087236
  88  4.4000 +0.4045   2 2.456088e+00 7.715015e-02 4.761905e-02 4.761905e-02 0.088154
  89  4.4500 +0.3802   2 3.101892e+00 8.404976e-02 4.761905e-02 4.761905e-02 0.088154
  90  4.5000 +0.3536   2 3.306041e+00 8.048089e-02 4.761905e-02 4.761905e-02 0.088154
  91  4.5500 +0.3247   2 3.971166e+00 9.987618e-02 4.761905e-02 4.761905e-02 0.088154
  92  4.6000 +0.2939   2 4.518103e+00 1.134510e-01 4.761905e-02 4.761905e-02 0.088154
  93  4.6500 +0.2612   2 4.402804e+00 1.241436e-01 4.761905e-02 4.761905e-02 0.088154
  94  4.7000 +0.2270   2 3.588694e+00 1.263838e-01 4.761905e-02 4.761905e-02 0.088154
  95  4.7500 +0.1913   2 3.212633e+00 1.471674e-01 4.761905e-02 4.761905e-02 0.088154
  96  4.8000 +0.1545   2 2.175652e+00 1.106161e-01 4.761905e-02 4.761905e-02 0.088154
  97  4.8500 +0.1167   2 2.055435e+00 7.937911e-02 4.761905e-02 4.761905e-02 0.086318
  98  4.9000 +0.0782   2 1.995128e+00 4.064840e-02 4.761905e-02 4.761905e-02 0.086318
  99  4.9500 +0.0392   2 1.941840e+00 2.687039e-02 4.761905e-02 4.761905e-02 0.081726
 100  5.0000 +0.0000   4 1.862249e+00 2.417554e-02 4.761905e-02 4.761905e-02 0.081726
 101  5.0500 -0.0392   3 1.755706e+00 2.487324e-02 4.761905e-02 4.761905e-02 0.078972
 102  5.1000 -0.0782   2 1.663574e+00 2.113793e-02 4.761905e-02 4.761905e-02 0.073462
 103  5.1500 -0.1167   2 1.586767e+00 1.843365e-02 4.761905e-02 4.761905e-02 0.052342
 104  5.2000 -0.1545   2 1.538550e+00 1.595638e-02 4.761905e-02 4.761905e-02 0.014692
 105  5.2500 -0.1913   2 1.507540e+00 1.419446e-02 4.761905e-02 4.761905e-02 0.003673
 106  5.3000 -0.2270   2 1.494609e+00 1.329286e-02 4.761905e-02 4.761905e-02 0.002755
 107  5.3500 -0.2612   1 1.494391e+00 1.142007e-02 4.761905e-02 4.761905e-02 0.004591
 108  5.4000 -0.2939   1 1.508126e+00 1.096012e-02 4.761905e-02 4.761905e-02 0.022957
 109  5.4500 -0.3247   2 1.535466e+00 1.152900e-02 4.761905e-02 4.761905e-02 0.033976
 110  5.5000 -0.3536   2 1.574128e+00 1.290335e-02 4.761905e-02 4.761905e-02 0.047750
 111  5.5500 -0.3802   3 1.623586e+00 1.798927e-02 4.761905e-02 4.761905e-02 0.056933
 112  5.6000 -0.4045   2 1.690244e+00 2.466334e-02 4.761905e-02 4.761905e-02 0.056933
 113  5.6500 -0.4263   2 1.776678e+00 3.106442e-02 4.761905e-02 4.761905e-02 0.063361
 114  5.7000 -0.4455   2 1.884964e+00 3.511468e-02 4.761905e-02 4.761905e-02 0.067034
 115  5.7500 -0.4619   2 2.013029e+00 3.883203e-02 4.761905e-02 4.761905e-02 0.068871
 116  5.8000 -0.4755   2 2.160335e+00 4.100825e-02 4.761905e-02 4.761905e-02 0.075298
 117  5.8500 -0.4862   2 2.406911e+00 4.668021e-02 4.761905e-02 4.761905e-02 0.075298
 118  5.9000 -0.4938   2 2.716796e+00 5.369259e-02 4.761905e-02 4.761905e-02 0.076217
 119  5.9500 -0.4985   2 3.055164e+00 6.574787e-02 4.761905e-02 4.761905e-02 0.079890
 120  6.0000 -0.5000   2 3.414404e+00 7.961962e-02 4.761905e-02 4.761905e-02 0.081726
