# Phase G v4 explicit elastic + VP solver (use_yield_lagged_alpha=False): v4_const_alpha
# η_eff_const=4.761905e-02  α_const=9.523810e-01
# columns: step, t, V_top, snes, sigma_eq_max, u_y_max, eta_lag_min, eta_lag_max, yielded_fraction
   1  0.0500 +0.4985   1 4.128481e-02 1.648374e-05 1.000000e+00 1.000000e+00 0.000000
   2  0.1000 +0.4938   1 8.032776e-02 2.477628e-05 1.000000e+00 1.000000e+00 0.046832
   3  0.1500 +0.4862   1 1.170681e-01 5.594041e-05 1.000000e+00 1.000000e+00 0.061524
   4  0.2000 +0.4755   1 1.514994e-01 1.201030e-04 1.000000e+00 1.000000e+00 0.070707
   5  0.2500 +0.4619   1 1.837181e-01 2.427968e-04 1.000000e+00 1.000000e+00 0.076217
   6  0.3000 +0.4455   1 2.139939e-01 4.700497e-04 1.000000e+00 1.000000e+00 0.079890
   7  0.3500 +0.4263   1 2.429111e-01 8.919493e-04 1.000000e+00 1.000000e+00 0.085399
   8  0.4000 +0.4045   1 2.717438e-01 1.692096e-03 1.000000e+00 1.000000e+00 0.087236
   9  0.4500 +0.3802   1 3.028445e-01 3.204946e-03 1.000000e+00 1.000000e+00 0.087236
  10  0.5000 +0.3536   1 3.405994e-01 6.064145e-03 1.000000e+00 1.000000e+00 0.089073
  11  0.5500 +0.3247   1 3.931170e-01 1.147348e-02 1.000000e+00 1.000000e+00 0.089073
  12  0.6000 +0.2939   1 4.756235e-01 2.171325e-02 1.000000e+00 1.000000e+00 0.089991
  13  0.6500 +0.2612   2 6.164167e-01 4.110200e-02 1.000000e+00 1.000000e+00 0.089991
  14  0.7000 +0.2270  21 8.683244e-01 7.891722e-02 1.000000e+00 1.000000e+00 0.085399
  15  0.7500 +0.1913  31 1.355490e+00 1.946664e-01 1.000000e+00 1.000000e+00 0.088154
  16  0.8000 +0.1545  50 2.332244e+00 1.111129e+01 1.000000e+00 1.000000e+00 0.101010
