# Phase G v3 minimal lag (use_lag=False): v3_predictor
# columns: step, t, V_top, snes, sigma_eq_max, u_y_max, eta_lag_min, eta_lag_max, yielded_fraction
   1  0.0500 +0.4985   1 4.669758e-02 2.401146e-03 1.002548e-01 1.000000e+00 0.000000
   2  0.1000 +0.4938   1 9.530476e-02 4.323659e-03 1.012467e-01 1.000000e+00 0.039486
   3  0.1500 +0.4862  16 1.495597e-01 7.653793e-03 1.028418e-01 1.000000e+00 0.056015
   4  0.2000 +0.4755  23 2.311456e-01 1.847339e-02 1.051467e-01 1.000000e+00 0.062443
   5  0.2500 +0.4619  15 3.288740e-01 2.161747e-02 1.082398e-01 1.000000e+00 0.065197
   6  0.3000 +0.4455  15 4.575910e-01 2.280618e-02 1.122332e-01 1.000000e+00 0.068871
   7  0.3500 +0.4263  12 5.826300e-01 2.300469e-02 1.172832e-01 1.000000e+00 0.068871
   8  0.4000 +0.4045  11 6.923885e-01 2.272964e-02 1.236071e-01 1.000000e+00 0.071625
   9  0.4500 +0.3802  11 7.829104e-01 2.242491e-02 1.315088e-01 1.000000e+00 0.071625
  10  0.5000 +0.3536  12 8.543327e-01 2.109048e-02 1.414212e-01 1.000000e+00 0.074380
  11  0.5500 +0.3247  12 9.064365e-01 1.953365e-02 1.539764e-01 1.000000e+00 0.075298
  12  0.6000 +0.2939  13 9.404492e-01 1.742403e-02 1.701291e-01 1.000000e+00 0.076217
