# Phase G v5 custom constitutive (use_yield_lagged_alpha=True): v5_lagged_alpha
# columns: step, t, V_top, snes, sigma_eq_max, u_y_max, eta_lag_min, eta_lag_max, yielded_fraction
   1  0.0500 +0.4985   1 4.128481e-02 1.648374e-05 1.000000e+00 1.000000e+00 0.000000
   2  0.1000 +0.4938   1 6.847003e-02 9.262217e-05 1.000000e-01 1.137517e-01 0.037649
   3  0.1500 +0.4862   3 8.877886e-02 7.578682e-04 1.000000e-01 2.955313e-01 0.050505
   4  0.2000 +0.4755   2 1.037995e-01 1.360284e-03 1.000000e-01 3.959361e-01 0.056015
   5  0.2500 +0.4619   2 1.136896e-01 1.640046e-03 1.000000e-01 4.022027e-01 0.057851
   6  0.3000 +0.4455   1 1.199167e-01 1.698354e-03 1.000000e-01 3.976785e-01 0.057851
   7  0.3500 +0.4263   2 1.242237e-01 1.517010e-03 1.000000e-01 3.939286e-01 0.057851
   8  0.4000 +0.4045   2 1.257477e-01 1.325915e-03 1.000000e-01 3.896559e-01 0.056015
   9  0.4500 +0.3802   2 1.245722e-01 1.074794e-03 1.000000e-01 3.859102e-01 0.056015
  10  0.5000 +0.3536   2 1.207154e-01 9.929838e-04 1.000000e-01 3.763872e-01 0.056015
  11  0.5500 +0.3247   2 1.143122e-01 8.992183e-04 1.000000e-01 3.557314e-01 0.052342
  12  0.6000 +0.2939   2 1.055875e-01 7.309512e-04 1.000000e-01 3.169331e-01 0.050505
  13  0.6500 +0.2612   2 9.440295e-02 4.884157e-04 1.000000e-01 2.506867e-01 0.044995
  14  0.7000 +0.2270   2 8.229499e-02 1.898252e-04 1.000000e-01 1.567218e-01 0.040404
  15  0.7500 +0.1913   1 6.996269e-02 5.828752e-05 1.000000e-01 1.000000e-01 0.032140
  16  0.8000 +0.1545   1 5.909375e-02 4.847193e-05 1.000000e-01 1.000000e-01 0.018365
  17  0.8500 +0.1167   1 4.888298e-02 2.361788e-05 1.000000e-01 1.000000e-01 0.000000
  18  0.9000 +0.0782   1 3.895090e-02 1.941697e-05 1.000000e-01 1.000000e-01 0.000000
  19  0.9500 +0.0392   1 2.915115e-02 1.316394e-05 1.000000e-01 1.000000e-01 0.000000
  20  1.0000 -0.0000   1 1.941028e-02 9.188402e-06 1.000000e-01 1.000000e-01 0.000000
  21  1.0500 -0.0392   1 9.687572e-03 6.078011e-06 1.000000e-01 1.000000e-01 0.000000
  22  1.1000 -0.0782   1 4.921097e-04 3.409985e-06 1.000000e-01 1.000000e-01 0.000000
  23  1.1500 -0.1167   1 9.936607e-03 1.653172e-06 1.000000e-01 1.000000e-01 0.000000
  24  1.2000 -0.1545   1 1.939045e-02 3.446134e-06 1.000000e-01 1.000000e-01 0.000000
  25  1.2500 -0.1913   1 2.878852e-02 6.225592e-06 1.000000e-01 1.000000e-01 0.000000
  26  1.3000 -0.2270   1 3.801354e-02 1.045092e-05 1.000000e-01 1.000000e-01 0.000000
  27  1.3500 -0.2612   1 4.700805e-02 1.658260e-05 1.000000e-01 1.000000e-01 0.000000
  28  1.4000 -0.2939   1 5.571536e-02 2.736505e-05 1.000000e-01 1.000000e-01 0.023875
  29  1.4500 -0.3247   1 6.407852e-02 4.971419e-05 1.000000e-01 1.000000e-01 0.033976
  30  1.5000 -0.3536   2 7.224186e-02 1.545179e-04 1.000000e-01 1.091682e-01 0.043159
  31  1.5500 -0.3802   2 8.170750e-02 3.681151e-04 1.000000e-01 2.204871e-01 0.046832
  32  1.6000 -0.4045   2 9.215847e-02 6.697218e-04 1.000000e-01 3.158573e-01 0.052342
  33  1.6500 -0.4263   2 1.023296e-01 1.021101e-03 1.000000e-01 3.673023e-01 0.054178
  34  1.7000 -0.4455   2 1.118620e-01 1.383079e-03 1.000000e-01 3.880580e-01 0.056015
  35  1.7500 -0.4619   2 1.206439e-01 1.708355e-03 1.000000e-01 3.901653e-01 0.057851
  36  1.8000 -0.4755   2 1.284984e-01 2.008797e-03 1.000000e-01 3.850757e-01 0.059688
  37  1.8500 -0.4862   2 1.353686e-01 2.267856e-03 1.000000e-01 3.780548e-01 0.059688
  38  1.9000 -0.4938   2 1.411421e-01 2.474004e-03 1.000000e-01 4.051298e-01 0.061524
  39  1.9500 -0.4985   1 1.458487e-01 2.582276e-03 1.000000e-01 4.256676e-01 0.061524
  40  2.0000 -0.5000   1 1.497477e-01 2.699861e-03 1.000000e-01 4.383105e-01 0.062443
  41  2.0500 -0.4985   1 1.527474e-01 2.753746e-03 1.000000e-01 4.473760e-01 0.063361
  42  2.1000 -0.4938   1 1.547161e-01 2.735179e-03 1.000000e-01 4.510119e-01 0.063361
  43  2.1500 -0.4862   1 1.555383e-01 2.653307e-03 1.000000e-01 4.489364e-01 0.063361
  44  2.2000 -0.4755   2 1.551414e-01 2.448206e-03 1.000000e-01 4.413365e-01 0.062443
  45  2.2500 -0.4619   2 1.533738e-01 2.273723e-03 1.000000e-01 4.259729e-01 0.061524
  46  2.3000 -0.4455   2 1.505413e-01 2.035507e-03 1.000000e-01 4.096083e-01 0.059688
  47  2.3500 -0.4263   2 1.467658e-01 1.764862e-03 1.000000e-01 3.845985e-01 0.059688
  48  2.4000 -0.4045   2 1.420419e-01 1.469345e-03 1.000000e-01 3.596438e-01 0.057851
  49  2.4500 -0.3802   2 1.363167e-01 1.161336e-03 1.000000e-01 3.603913e-01 0.056015
  50  2.5000 -0.3536   2 1.294963e-01 9.375115e-04 1.000000e-01 3.547455e-01 0.056015
  51  2.5500 -0.3247   2 1.215783e-01 8.373588e-04 1.000000e-01 3.385799e-01 0.054178
  52  2.6000 -0.2939   2 1.123268e-01 6.739656e-04 1.000000e-01 3.053312e-01 0.050505
  53  2.6500 -0.2612   2 1.012268e-01 4.289881e-04 1.000000e-01 2.446215e-01 0.044995
  54  2.7000 -0.2270   2 8.763576e-02 2.040307e-04 1.000000e-01 1.542868e-01 0.041322
  55  2.7500 -0.1913   1 7.358677e-02 7.547042e-05 1.000000e-01 1.000000e-01 0.032140
  56  2.8000 -0.1545   1 6.134686e-02 5.414689e-05 1.000000e-01 1.000000e-01 0.018365
  57  2.8500 -0.1167   1 5.021798e-02 3.724267e-05 1.000000e-01 1.137517e-01 0.000000
  58  2.9000 -0.0782   1 3.973512e-02 2.465498e-05 1.000000e-01 1.000000e-01 0.000000
  59  2.9500 -0.0392   1 2.960601e-02 1.606886e-05 1.000000e-01 1.000000e-01 0.000000
  60  3.0000 -0.0000   1 1.966517e-02 1.668925e-05 1.000000e-01 1.137517e-01 0.000000
  61  3.0500 +0.0392   1 1.487545e-02 6.537381e-04 1.000000e-01 1.000000e-01 0.000000
  62  3.1000 +0.0782   1 2.519301e-03 4.288482e-04 1.000000e-01 1.000000e-01 0.000000
  63  3.1500 +0.1167   1 1.045305e-02 4.639130e-05 1.000000e-01 1.000000e-01 0.000000
  64  3.2000 +0.1545   1 1.956121e-02 1.107347e-05 1.000000e-01 1.000000e-01 0.000000
  65  3.2500 +0.1913   1 2.878072e-02 6.297877e-06 1.000000e-01 1.000000e-01 0.000000
  66  3.3000 +0.2270   1 3.800583e-02 1.032443e-05 1.000000e-01 1.000000e-01 0.000000
  67  3.3500 +0.2612   1 4.699834e-02 1.643996e-05 1.000000e-01 1.000000e-01 0.000000
  68  3.4000 +0.2939   1 5.647218e-02 1.861128e-04 1.000000e-01 2.296397e-01 0.023875
  69  3.4500 +0.3247   1 6.442745e-02 4.985453e-05 1.000000e-01 1.000000e-01 0.033976
  70  3.5000 +0.3536   2 7.413598e-02 3.941675e-04 1.000000e-01 1.000000e+00 0.043159
  71  3.5500 +0.3802   2 8.164685e-02 3.694256e-04 1.000000e-01 2.204874e-01 0.046832
  72  3.6000 +0.4045   2 9.188558e-02 6.719892e-04 1.000000e-01 3.163330e-01 0.052342
  73  3.6500 +0.4263   2 1.015790e-01 1.007650e-03 1.000000e-01 3.684988e-01 0.054178
  74  3.7000 +0.4455   2 1.103799e-01 1.347793e-03 1.000000e-01 3.912557e-01 0.056015
  75  3.7500 +0.4619   2 1.181925e-01 1.659751e-03 1.000000e-01 3.959266e-01 0.057851
  76  3.8000 +0.4755   2 1.263860e-01 1.948551e-03 1.000000e-01 3.935999e-01 0.059688
  77  3.8500 +0.4862   2 1.343916e-01 2.194698e-03 1.000000e-01 3.883734e-01 0.059688
  78  3.9000 +0.4938   2 1.413267e-01 2.389771e-03 1.000000e-01 4.066830e-01 0.061524
  79  3.9500 +0.4985   1 1.471471e-01 2.488352e-03 1.000000e-01 4.288295e-01 0.061524
  80  4.0000 +0.5000   1 1.518392e-01 2.602407e-03 1.000000e-01 4.430937e-01 0.063361
  81  4.0500 +0.4985   1 1.553994e-01 2.651437e-03 1.000000e-01 4.535906e-01 0.063361
  82  4.1000 +0.4938   1 1.577830e-01 2.631790e-03 1.000000e-01 4.583415e-01 0.063361
  83  4.1500 +0.4862   1 1.589435e-01 2.552247e-03 1.000000e-01 4.570263e-01 0.063361
  84  4.2000 +0.4755   2 1.588677e-01 2.352737e-03 1.000000e-01 4.498195e-01 0.062443
  85  4.2500 +0.4619   2 1.575163e-01 2.185932e-03 1.000000e-01 4.344699e-01 0.061524
  86  4.3000 +0.4455   2 1.550101e-01 1.959972e-03 1.000000e-01 4.159144e-01 0.059688
  87  4.3500 +0.4263   2 1.513314e-01 1.700087e-03 1.000000e-01 3.915958e-01 0.059688
  88  4.4000 +0.4045   2 1.463941e-01 1.416733e-03 1.000000e-01 3.880872e-01 0.057851
  89  4.4500 +0.3802   2 1.400751e-01 1.121739e-03 1.000000e-01 3.869494e-01 0.056015
  90  4.5000 +0.3536   2 1.320913e-01 1.060015e-03 1.000000e-01 3.785108e-01 0.056015
  91  4.5500 +0.3247   2 1.224489e-01 9.444576e-04 1.000000e-01 3.580854e-01 0.054178
  92  4.6000 +0.2939   2 1.112193e-01 7.653500e-04 1.000000e-01 3.191009e-01 0.050505
  93  4.6500 +0.2612   2 9.823060e-02 5.117688e-04 1.000000e-01 2.524000e-01 0.044995
  94  4.7000 +0.2270   2 8.406857e-02 2.004691e-04 1.000000e-01 1.576355e-01 0.041322
  95  4.7500 +0.1913   1 7.140160e-02 6.237490e-05 1.000000e-01 1.000000e-01 0.032140
  96  4.8000 +0.1545   1 6.006708e-02 4.938463e-05 1.000000e-01 1.000000e-01 0.019284
  97  4.8500 +0.1167   1 4.948714e-02 2.639192e-05 1.000000e-01 1.000000e-01 0.000000
  98  4.9000 +0.0782   1 3.932652e-02 2.034348e-05 1.000000e-01 1.000000e-01 0.000000
  99  4.9500 +0.0392   1 2.938202e-02 1.426431e-05 1.000000e-01 1.000000e-01 0.000000
 100  5.0000 +0.0000   1 1.954619e-02 9.932605e-06 1.000000e-01 1.000000e-01 0.000000
 101  5.0500 -0.0392   1 9.769344e-03 6.561541e-06 1.000000e-01 1.000000e-01 0.000000
 102  5.1000 -0.0782   1 4.935761e-04 3.691484e-06 1.000000e-01 1.000000e-01 0.000000
 103  5.1500 -0.1167   1 9.935622e-03 1.827764e-06 1.000000e-01 1.000000e-01 0.000000
 104  5.2000 -0.1545   1 1.938471e-02 3.452363e-06 1.000000e-01 1.000000e-01 0.000000
 105  5.2500 -0.1913   1 2.878439e-02 1.351681e-05 1.000000e-01 1.137517e-01 0.000000
 106  5.3000 -0.2270   1 3.801096e-02 1.045018e-05 1.000000e-01 1.000000e-01 0.000000
 107  5.3500 -0.2612   1 4.700630e-02 1.656225e-05 1.000000e-01 1.000000e-01 0.000000
 108  5.4000 -0.2939   1 5.571418e-02 2.737300e-05 1.000000e-01 1.000000e-01 0.023875
 109  5.4500 -0.3247   1 6.407773e-02 4.971509e-05 1.000000e-01 1.000000e-01 0.033976
 110  5.5000 -0.3536   2 7.224139e-02 1.545147e-04 1.000000e-01 1.091641e-01 0.043159
 111  5.5500 -0.3802   2 8.170580e-02 3.681171e-04 1.000000e-01 2.204828e-01 0.046832
 112  5.6000 -0.4045   2 9.215702e-02 6.697118e-04 1.000000e-01 3.158551e-01 0.052342
 113  5.6500 -0.4263   2 1.023284e-01 1.021098e-03 1.000000e-01 3.673012e-01 0.054178
 114  5.7000 -0.4455   2 1.118611e-01 1.383077e-03 1.000000e-01 3.880574e-01 0.056015
 115  5.7500 -0.4619   2 1.206364e-01 1.705619e-03 1.000000e-01 3.901650e-01 0.057851
 116  5.8000 -0.4755   2 1.285074e-01 2.009048e-03 1.000000e-01 3.848584e-01 0.059688
 117  5.8500 -0.4862   2 1.353809e-01 2.267962e-03 1.000000e-01 3.772347e-01 0.059688
 118  5.9000 -0.4938   2 1.411550e-01 2.474062e-03 1.000000e-01 4.046630e-01 0.061524
 119  5.9500 -0.4985   1 1.458604e-01 2.582333e-03 1.000000e-01 4.253828e-01 0.061524
 120  6.0000 -0.5000   1 1.497579e-01 2.699889e-03 1.000000e-01 4.381371e-01 0.062443
