# Phase F predictor-corrector trace: etd1_pc1
# integrator='etd' order=1 apply_radial_return=True in_residual_yield=False
# columns: step, t, V_top, snes_iters_total, picard_iters, sigma_eq_max, sigma_eq_max_after_correction, u_y_max, yielded_fraction
   1  0.0500 +0.4985   1  1 4.227008e-02 4.227008e-02 7.408887e-06 0.000000
   2  0.1000 +0.4938   1  1 8.219118e-02 8.219118e-02 1.875342e-05 0.048669
   3  0.1500 +0.4862   1  1 1.312133e-01 1.312133e-01 3.499493e-03 0.061524
   4  0.2000 +0.4755   1  1 1.847484e-01 1.847484e-01 8.601088e-03 0.072544
   5  0.2500 +0.4619   1  1 2.349787e-01 2.349787e-01 1.262241e-02 0.073462
   6  0.3000 +0.4455   1  1 2.842488e-01 2.842488e-01 1.517815e-02 0.081726
   7  0.3500 +0.4263   1  1 3.303034e-01 3.303034e-01 1.652152e-02 0.081726
   8  0.4000 +0.4045   1  1 3.759653e-01 3.759653e-01 1.709990e-02 0.081726
   9  0.4500 +0.3802   1  1 4.155843e-01 4.155843e-01 1.717741e-02 0.081726
  10  0.5000 +0.3536   1  1 4.482948e-01 4.482948e-01 1.675827e-02 0.083563
  11  0.5500 +0.3247   1  1 4.744306e-01 4.744306e-01 1.604408e-02 0.083563
  12  0.6000 +0.2939   1  1 4.942698e-01 4.942698e-01 1.508513e-02 0.083563
  13  0.6500 +0.2612   1  1 5.083255e-01 5.083255e-01 1.444807e-02 0.083563
  14  0.7000 +0.2270   1  1 5.170730e-01 5.170730e-01 1.364595e-02 0.081726
  15  0.7500 +0.1913   1  1 5.209158e-01 5.209158e-01 1.265520e-02 0.078972
  16  0.8000 +0.1545   1  1 5.200673e-01 5.200673e-01 1.151499e-02 0.074380
  17  0.8500 +0.1167   1  1 5.146865e-01 5.146865e-01 1.027186e-02 0.073462
  18  0.9000 +0.0782   1  1 5.048434e-01 5.048434e-01 8.898937e-03 0.068871
  19  0.9500 +0.0392   1  1 4.906089e-01 4.906089e-01 7.427466e-03 0.065197
  20  1.0000 -0.0000   1  1 4.734378e-01 4.734378e-01 5.897057e-03 0.059688
  21  1.0500 -0.0392   1  1 4.519180e-01 4.519180e-01 4.329136e-03 0.047750
  22  1.1000 -0.0782   1  1 4.264055e-01 4.264055e-01 2.576242e-03 0.021120
  23  1.1500 -0.1167   1  1 3.971031e-01 3.971031e-01 1.405211e-03 0.001837
  24  1.2000 -0.1545   1  1 3.654972e-01 3.654972e-01 1.189141e-03 0.000000
  25  1.2500 -0.1913   1  1 3.321918e-01 3.321918e-01 1.065001e-03 0.000000
  26  1.3000 -0.2270   1  1 2.973628e-01 2.973628e-01 9.223411e-04 0.001837
  27  1.3500 -0.2612   1  1 2.611811e-01 2.611811e-01 8.630974e-04 0.006428
  28  1.4000 -0.2939   1  1 2.234569e-01 2.234569e-01 1.135203e-03 0.029385
  29  1.4500 -0.3247   1  1 1.831775e-01 1.831775e-01 2.125745e-03 0.046832
  30  1.5000 -0.3536   1  1 1.385713e-01 1.385713e-01 4.241876e-03 0.054178
  31  1.5500 -0.3802   1  1 1.181696e-01 1.181696e-01 6.389454e-03 0.059688
  32  1.6000 -0.4045   1  1 1.372726e-01 1.372726e-01 8.507503e-03 0.067952
  33  1.6500 -0.4263   1  1 1.598838e-01 1.598838e-01 1.072879e-02 0.072544
  34  1.7000 -0.4455   1  1 1.810420e-01 1.810420e-01 1.306631e-02 0.074380
  35  1.7500 -0.4619   1  1 2.238122e-01 2.238122e-01 1.512466e-02 0.078053
  36  1.8000 -0.4755   1  1 2.638722e-01 2.638722e-01 1.687399e-02 0.081726
  37  1.8500 -0.4862   1  1 3.133549e-01 3.133549e-01 1.829238e-02 0.081726
  38  1.9000 -0.4938   1  1 3.615901e-01 3.615901e-01 1.939778e-02 0.081726
  39  1.9500 -0.4985   1  1 4.063672e-01 4.063672e-01 2.028848e-02 0.084481
  40  2.0000 -0.5000   1  1 4.473514e-01 4.473514e-01 2.105355e-02 0.087236
  41  2.0500 -0.4985   1  1 4.842762e-01 4.842762e-01 2.163985e-02 0.089073
  42  2.1000 -0.4938   1  1 5.282834e-01 5.282834e-01 2.193861e-02 0.089073
  43  2.1500 -0.4862   1  1 5.772664e-01 5.772664e-01 2.206459e-02 0.090909
  44  2.2000 -0.4755   1  1 6.219866e-01 6.219866e-01 2.213212e-02 0.091827
  45  2.2500 -0.4619   1  1 6.619491e-01 6.619491e-01 2.224729e-02 0.092746
  46  2.3000 -0.4455   1  1 6.969564e-01 6.969564e-01 2.214004e-02 0.092746
  47  2.3500 -0.4263   1  1 7.266837e-01 7.266837e-01 2.194797e-02 0.092746
  48  2.4000 -0.4045   1  1 7.510734e-01 7.510734e-01 2.152773e-02 0.092746
  49  2.4500 -0.3802   1  1 7.702274e-01 7.702274e-01 2.089505e-02 0.092746
  50  2.5000 -0.3536   1  1 7.843171e-01 7.843171e-01 2.006671e-02 0.092746
  51  2.5500 -0.3247   1  1 7.935401e-01 7.935401e-01 1.905951e-02 0.091827
  52  2.6000 -0.2939   1  1 7.981186e-01 7.981186e-01 1.788337e-02 0.090909
  53  2.6500 -0.2612   1  1 7.981725e-01 7.981725e-01 1.685370e-02 0.089073
  54  2.7000 -0.2270   1  1 7.938056e-01 7.938056e-01 1.579015e-02 0.085399
  55  2.7500 -0.1913   1  1 7.851243e-01 7.851243e-01 1.454144e-02 0.083563
  56  2.8000 -0.1545   1  1 7.721168e-01 7.721168e-01 1.317253e-02 0.078053
  57  2.8500 -0.1167   1  1 7.547879e-01 7.547879e-01 1.169327e-02 0.073462
  58  2.9000 -0.0782   1  1 7.332337e-01 7.332337e-01 1.027793e-02 0.068871
  59  2.9500 -0.0392   1  1 7.075753e-01 7.075753e-01 8.729184e-03 0.065197
  60  3.0000 -0.0000   1  1 6.779846e-01 6.779846e-01 7.188479e-03 0.059688
  61  3.0500 +0.0392   1  1 6.465370e-01 6.465370e-01 5.643225e-03 0.053260
  62  3.1000 +0.0782   1  1 6.116895e-01 6.116895e-01 3.843751e-03 0.028466
  63  3.1500 +0.1167   1  1 5.744340e-01 5.744340e-01 2.409459e-03 0.004591
  64  3.2000 +0.1545   1  1 5.350145e-01 5.350145e-01 1.969759e-03 0.001837
  65  3.2500 +0.1913   1  1 4.938750e-01 4.938750e-01 1.888315e-03 0.001837
  66  3.3000 +0.2270   1  1 4.513645e-01 4.513645e-01 1.724640e-03 0.004591
  67  3.3500 +0.2612   1  1 4.077729e-01 4.077729e-01 1.635097e-03 0.009183
  68  3.4000 +0.2939   1  1 3.628311e-01 3.628311e-01 1.949322e-03 0.030303
  69  3.4500 +0.3247   1  1 3.157002e-01 3.157002e-01 2.924769e-03 0.044995
  70  3.5000 +0.3536   1  1 2.653372e-01 2.653372e-01 4.546049e-03 0.055096
  71  3.5500 +0.3802   1  1 2.125265e-01 2.125265e-01 6.607843e-03 0.059688
  72  3.6000 +0.4045   1  1 1.559260e-01 1.559260e-01 8.480549e-03 0.067034
  73  3.6500 +0.4263   1  1 1.598838e-01 1.598838e-01 1.051411e-02 0.072544
  74  3.7000 +0.4455   1  1 1.662188e-01 1.662188e-01 1.269594e-02 0.074380
  75  3.7500 +0.4619   1  1 1.986397e-01 1.986397e-01 1.494535e-02 0.078053
  76  3.8000 +0.4755   1  1 2.455196e-01 2.455196e-01 1.685755e-02 0.081726
  77  3.8500 +0.4862   1  1 2.903839e-01 2.903839e-01 1.850313e-02 0.081726
  78  3.9000 +0.4938   1  1 3.370835e-01 3.370835e-01 1.973221e-02 0.081726
  79  3.9500 +0.4985   1  1 3.880890e-01 3.880890e-01 2.074312e-02 0.083563
  80  4.0000 +0.5000   1  1 4.353984e-01 4.353984e-01 2.153348e-02 0.086318
  81  4.0500 +0.4985   1  1 4.785444e-01 4.785444e-01 2.212614e-02 0.089073
  82  4.1000 +0.4938   1  1 5.167683e-01 5.167683e-01 2.247357e-02 0.089073
  83  4.1500 +0.4862   1  1 5.504927e-01 5.504927e-01 2.259279e-02 0.089073
  84  4.2000 +0.4755   1  1 5.946387e-01 5.946387e-01 2.243399e-02 0.089073
  85  4.2500 +0.4619   1  1 6.372919e-01 6.372919e-01 2.205612e-02 0.090909
  86  4.3000 +0.4455   1  1 6.734048e-01 6.734048e-01 2.166966e-02 0.092746
  87  4.3500 +0.4263   1  1 7.027984e-01 7.027984e-01 2.121580e-02 0.092746
  88  4.4000 +0.4045   1  1 7.257176e-01 7.257176e-01 2.071868e-02 0.092746
  89  4.4500 +0.3802   1  1 7.426603e-01 7.426603e-01 2.025395e-02 0.092746
  90  4.5000 +0.3536   1  1 7.542223e-01 7.542223e-01 1.969271e-02 0.091827
  91  4.5500 +0.3247   1  1 7.609657e-01 7.609657e-01 1.900148e-02 0.089991
  92  4.6000 +0.2939   1  1 7.634485e-01 7.634485e-01 1.813807e-02 0.089991
  93  4.6500 +0.2612   1  1 7.620670e-01 7.620670e-01 1.713053e-02 0.088154
  94  4.7000 +0.2270   1  1 7.570430e-01 7.570430e-01 1.594556e-02 0.085399
  95  4.7500 +0.1913   1  1 7.484863e-01 7.484863e-01 1.460595e-02 0.083563
  96  4.8000 +0.1545   1  1 7.363491e-01 7.363491e-01 1.314961e-02 0.076217
  97  4.8500 +0.1167   1  1 7.204547e-01 7.204547e-01 1.171749e-02 0.072544
  98  4.9000 +0.0782   1  1 7.013981e-01 7.013981e-01 1.021931e-02 0.068871
  99  4.9500 +0.0392   1  1 6.798032e-01 6.798032e-01 8.675941e-03 0.065197
 100  5.0000 +0.0000   1  1 6.539379e-01 6.539379e-01 7.059479e-03 0.059688
 101  5.0500 -0.0392   1  1 6.240594e-01 6.240594e-01 5.518673e-03 0.048669
 102  5.1000 -0.0782   1  1 5.904925e-01 5.904925e-01 3.551771e-03 0.024793
 103  5.1500 -0.1167   1  1 5.535297e-01 5.535297e-01 2.128064e-03 0.001837
 104  5.2000 -0.1545   1  1 5.145025e-01 5.145025e-01 1.647455e-03 0.000000
 105  5.2500 -0.1913   1  1 4.740482e-01 4.740482e-01 1.587837e-03 0.001837
 106  5.3000 -0.2270   1  1 4.323105e-01 4.323105e-01 1.406939e-03 0.002755
 107  5.3500 -0.2612   1  1 3.894801e-01 3.894801e-01 1.331123e-03 0.009183
 108  5.4000 -0.2939   1  1 3.453496e-01 3.453496e-01 1.591105e-03 0.031221
 109  5.4500 -0.3247   1  1 2.989171e-01 2.989171e-01 2.527376e-03 0.044995
 110  5.5000 -0.3536   1  1 2.484559e-01 2.484559e-01 4.543657e-03 0.054178
 111  5.5500 -0.3802   1  1 1.957117e-01 1.957117e-01 6.666710e-03 0.059688
 112  5.6000 -0.4045   1  1 1.414415e-01 1.414415e-01 8.680619e-03 0.067034
 113  5.6500 -0.4263   1  1 1.598838e-01 1.598838e-01 1.084531e-02 0.072544
 114  5.7000 -0.4455   1  1 1.660375e-01 1.660375e-01 1.310024e-02 0.074380
 115  5.7500 -0.4619   1  1 1.951370e-01 1.951370e-01 1.524265e-02 0.078053
 116  5.8000 -0.4755   1  1 2.367414e-01 2.367414e-01 1.697206e-02 0.081726
 117  5.8500 -0.4862   1  1 2.792419e-01 2.792419e-01 1.839754e-02 0.081726
 118  5.9000 -0.4938   1  1 3.291106e-01 3.291106e-01 1.942385e-02 0.081726
 119  5.9500 -0.4985   1  1 3.755431e-01 3.755431e-01 2.029558e-02 0.083563
 120  6.0000 -0.5000   1  1 4.181972e-01 4.181972e-01 2.101870e-02 0.086318
