# Phase G v4 explicit elastic + VP solver (use_yield_lagged_alpha=True): v4_lagged_alpha
# η_eff_const=4.761905e-02  α_const=9.523810e-01
# columns: step, t, V_top, snes, sigma_eq_max, u_y_max, eta_lag_min, eta_lag_max, yielded_fraction
   1  0.0500 +0.4985   1 4.128481e-02 1.648374e-05 1.000000e+00 1.000000e+00 0.000000
   2  0.1000 +0.4938   1 6.849579e-02 2.551141e-05 1.000000e-01 1.137517e-01 0.037649
   3  0.1500 +0.4862   1 8.609234e-02 2.927604e-05 1.000000e-01 1.000000e-01 0.052342
   4  0.2000 +0.4755   1 9.704697e-02 4.528660e-05 1.000000e-01 1.000000e-01 0.056015
   5  0.2500 +0.4619   1 1.033514e-01 7.028671e-05 1.000000e-01 1.137517e-01 0.057851
   6  0.3000 +0.4455   1 1.063437e-01 1.015384e-04 1.000000e-01 1.000000e-01 0.057851
   7  0.3500 +0.4263   1 1.069316e-01 1.415776e-04 1.000000e-01 1.000000e-01 0.057851
   8  0.4000 +0.4045   1 1.057382e-01 1.933040e-04 1.000000e-01 1.000000e-01 0.057851
   9  0.4500 +0.3802   1 1.031996e-01 2.600835e-04 1.000000e-01 1.000000e-01 0.057851
  10  0.5000 +0.3536   1 9.963217e-02 3.461136e-04 1.000000e-01 1.000000e-01 0.056015
  11  0.5500 +0.3247   1 9.527808e-02 4.570286e-04 1.000000e-01 1.000000e-01 0.054178
  12  0.6000 +0.2939   1 9.034285e-02 6.010942e-04 1.000000e-01 1.000000e-01 0.050505
  13  0.6500 +0.2612   1 8.505629e-02 7.959362e-04 1.000000e-01 1.000000e-01 0.044995
  14  0.7000 +0.2270   1 7.961546e-02 1.053637e-03 1.000000e-01 1.000000e-01 0.039486
  15  0.7500 +0.1913   1 7.424476e-02 1.394737e-03 1.000000e-01 1.000000e-01 0.032140
  16  0.8000 +0.1545   1 6.919116e-02 1.844624e-03 1.000000e-01 1.000000e-01 0.014692
  17  0.8500 +0.1167   1 6.473352e-02 2.440338e-03 1.000000e-01 1.000000e-01 0.000000
  18  0.9000 +0.0782   1 6.144061e-02 3.231751e-03 1.000000e-01 1.000000e-01 0.000000
  19  0.9500 +0.0392   1 5.974258e-02 4.280165e-03 1.000000e-01 1.000000e-01 0.000000
  20  1.0000 -0.0000   1 6.022296e-02 5.670779e-03 1.000000e-01 1.000000e-01 0.000000
  21  1.0500 -0.0392   1 6.758573e-02 7.515578e-03 1.000000e-01 1.137517e-01 0.000000
  22  1.1000 -0.0782   1 1.019362e-01 9.963269e-03 1.000000e-01 1.000000e-01 0.000000
  23  1.1500 -0.1167   1 1.443466e-01 1.321625e-02 1.000000e-01 1.000000e-01 0.004591
  24  1.2000 -0.1545   1 1.973755e-01 1.753550e-02 1.000000e-01 1.000000e-01 0.013774
  25  1.2500 -0.1913   1 2.644323e-01 2.327339e-02 1.000000e-01 1.597474e-01 0.031221
  26  1.3000 -0.2270   2 3.500381e-01 3.091085e-02 1.000000e-01 5.676987e-01 0.040404
  27  1.3500 -0.2612  10 4.601216e-01 4.114837e-02 1.000000e-01 9.209454e-01 0.048669
  28  1.4000 -0.2939  15 6.024744e-01 5.642193e-02 1.000000e-01 9.864317e-01 0.058770
  29  1.4500 -0.3247  20 7.866397e-01 8.619907e-02 1.000000e-01 9.316881e-01 0.070707
  30  1.5000 -0.3536  21 1.024561e+00 1.326206e-01 1.000000e-01 1.000000e+00 0.077135
  31  1.5500 -0.3802  23 1.336617e+00 1.961151e-01 1.000000e-01 9.945189e-01 0.080808
  32  1.6000 -0.4045  21 1.770626e+00 2.940827e-01 1.000000e-01 1.000000e+00 0.084481
  33  1.6500 -0.4263  30 6.947025e+00 7.433977e-01 1.000000e-01 1.000000e+00 0.091827
  34  1.7000 -0.4455  50 8.987810e+00 6.094442e+00 1.000000e-01 1.000000e+00 0.104683
  35  1.7500 -0.4619   9 1.199982e+01 7.897541e+01 1.000000e-01 1.000000e+00 0.110193
