# Phase G two-Stokes operator-split: etd2
# η_eff_frozen=4.761905e-02
# columns: step, t, V_top, snes_VE, snes_pl, sigma_eq_max_VE, sigma_eq_max_total, sigma_eq_max_admissible, u_VE_y_max, u_pl_y_max, yielded_fraction
   1  0.0500 +0.4985   1   1 2.131789e-02 6.250717e-02 6.250717e-02 1.648185e-05 2.972363e-05 0.033976
   2  0.1000 +0.4938   1   1 1.058113e-01 1.492579e-01 1.492579e-01 1.754050e-03 2.214438e-04 0.068871
   3  0.1500 +0.4862   1   1 2.145201e-01 2.771855e-01 2.771855e-01 2.618482e-02 3.615327e-03 0.081726
   4  0.2000 +0.4755   1   1 3.319387e-01 4.281065e-01 4.281065e-01 2.733942e-02 1.083505e-02 0.089073
   5  0.2500 +0.4619   1   1 4.595646e-01 5.889546e-01 5.889546e-01 4.185421e-02 1.933509e-02 0.089073
   6  0.3000 +0.4455   1   1 6.259885e-01 7.744456e-01 7.744456e-01 3.569678e-02 2.806569e-02 0.096419
   7  0.3500 +0.4263   1   1 8.413309e-01 1.102725e+00 1.102725e+00 4.749592e-02 3.462466e-02 0.098255
   8  0.4000 +0.4045   1   1 1.104505e+00 1.542842e+00 1.542842e+00 4.621091e-02 4.725708e-02 0.099174
   9  0.4500 +0.3802   1   1 1.347161e+00 1.952024e+00 1.952024e+00 5.391612e-02 7.356886e-02 0.100092
  10  0.5000 +0.3536   1   1 1.589223e+00 2.343676e+00 2.343676e+00 5.263648e-02 1.025499e-01 0.100092
  11  0.5500 +0.3247   1   1 1.965574e+00 3.087602e+00 3.087602e+00 1.090111e-01 1.181559e-01 0.100092
  12  0.6000 +0.2939   1   1 2.400881e+00 3.904230e+00 3.904230e+00 8.099861e-02 1.771298e-01 0.100092
  13  0.6500 +0.2612   1   1 2.579540e+00 4.216018e+00 4.216018e+00 1.778706e-01 2.116509e-01 0.100092
  14  0.7000 +0.2270   1   1 2.347043e+00 3.721574e+00 3.721574e+00 2.365827e-01 1.923570e-01 0.098255
  15  0.7500 +0.1913   1   1 2.455868e+00 3.835060e+00 3.835060e+00 2.097092e-01 1.831820e-01 0.098255
  16  0.8000 +0.1545   1   1 1.880064e+00 2.601273e+00 2.601273e+00 3.527839e-01 1.033590e-01 0.094582
  17  0.8500 +0.1167   1   1 1.788661e+00 2.547532e+00 2.547532e+00 2.528213e-01 8.337054e-02 0.092746
  18  0.9000 +0.0782   1   1 1.881565e+00 2.551438e+00 2.551438e+00 3.488893e-01 6.302538e-02 0.081726
  19  0.9500 +0.0392   1   1 1.952635e+00 2.986596e+00 2.986596e+00 3.248196e-01 7.449594e-02 0.078053
  20  1.0000 -0.0000   1   1 2.492530e+00 4.041323e+00 4.041323e+00 3.488298e-01 1.222615e-01 0.068871
  21  1.0500 -0.0392   1   1 2.797503e+00 4.610039e+00 4.610039e+00 3.750499e-01 1.405274e-01 0.060606
  22  1.1000 -0.0782   1   1 3.236328e+00 5.470478e+00 5.470478e+00 4.481368e-01 1.802310e-01 0.048669
  23  1.1500 -0.1167   1   1 4.582489e+00 8.020845e+00 8.020845e+00 5.779805e-01 3.302763e-01 0.027548
  24  1.2000 -0.1545   1   1 6.411467e+00 1.185821e+01 1.185821e+01 1.134602e+00 3.673761e-01 0.021120
  25  1.2500 -0.1913   1   1 1.213353e+01 2.213372e+01 2.213372e+01 1.734974e+00 9.365296e-01 0.041322
  26  1.3000 -0.2270   1   1 2.391635e+01 4.446023e+01 4.446023e+01 1.255055e+00 2.079103e+00 0.052342
  27  1.3500 -0.2612   1   1 5.392796e+01 1.016061e+02 1.016061e+02 3.386313e+00 4.504132e+00 0.078053
